
SHF DSP
284	0.9949066213921901
207	0.9714285714285714
258	0.9717573221757322
462	0.9717573221757322
536	0.9949066213921901
456	0.9949066213921901
248	0.9714285714285714
331	0.9949066213921901
588	0.9949066213921901
277	0.9714285714285714
73	0.9717573221757322
377	0.9949066213921901
41	0.9949066213921901
124	0.9949066213921901
651	0.9949066213921901
259	0.9717573221757322
632	0.9949066213921901
364	0.9714285714285714
263	0.9949066213921901
622	0.9717573221757322
417	0.9949066213921901
42	0.9949066213921901
371	0.9717573221757322
72	0.9949066213921901
440	0.9717573221757322
125	0.9949066213921901
209	0.9381720430107527
51	0.9714285714285714
672	0.9949066213921901
370	0.9717573221757322
525	0.9949066213921901
383	0.9714285714285714
309	0.9714285714285714
479	0.9949066213921901
66	0.9717573221757322
168	0.9832134292565947
463	0.9717573221757322
504	0.9949066213921901
61	0.9949066213921901
447	0.9717573221757322
311	0.9949066213921901
608	0.9717573221757322
563	0.9832134292565947
0	0.9714285714285714
391	0.9949066213921901
271	0.9381720430107527
460	0.9714285714285714
227	0.9717573221757322
303	0.9949066213921901
438	0.9717573221757322
306	0.9949066213921901
621	0.9381720430107527
64	0.9949066213921901
607	0.9949066213921901
153	0.9949066213921901
201	0.9832134292565947
501	0.9717573221757322
54	0.9381720430107527
593	0.9832134292565947
150	0.9832134292565947
471	0.9717573221757322
507	0.9949066213921901
320	0.9949066213921901
100	0.9381720430107527
441	0.9714285714285714
578	0.9949066213921901
374	0.9381720430107527
397	0.9717573221757322
97	0.9717573221757322
537	0.9717573221757322
469	0.9949066213921901
147	0.9717573221757322
230	0.9381720430107527
560	0.9832134292565947
1	0.9714285714285714
585	0.9832134292565947
83	0.9381720430107527
316	0.9949066213921901
612	0.9717573221757322
562	0.9832134292565947
638	0.9717573221757322
633	0.9717573221757322
243	0.9832134292565947
575	0.9949066213921901
448	0.9717573221757322
143	0.9832134292565947
529	0.9381720430107527
524	0.9714285714285714
415	0.9832134292565947
662	0.9714285714285714
446	0.9832134292565947
208	0.9714285714285714
359	0.9949066213921901
176	0.9832134292565947
484	0.9949066213921901
434	0.9832134292565947
246	0.9381720430107527
634	0.9717573221757322
572	0.9714285714285714
235	0.9717573221757322
489	0.9949066213921901
384	0.9717573221757322
162	0.9381720430107527
32	0.9717573221757322
685	0.9717573221757322
341	0.9714285714285714
420	0.9717573221757322
145	0.9717573221757322
616	0.9717573221757322
556	0.9717573221757322
558	0.9717573221757322
104	0.9832134292565947
231	0.9381720430107527
40	0.9949066213921901
395	0.9717573221757322
102	0.9717573221757322
195	0.9717573221757322
213	0.9717573221757322
367	0.9717573221757322
314	0.9832134292565947
166	0.9717573221757322
659	0.9714285714285714
59	0.9717573221757322
228	0.9717573221757322
618	0.9949066213921901
696	0.9717573221757322
604	0.9832134292565947
528	0.9717573221757322
655	0.9717573221757322
630	0.9381720430107527
543	0.9717573221757322
373	0.9949066213921901
600	0.9717573221757322
603	0.9832134292565947
190	0.9381720430107527
194	0.9949066213921901
418	0.9714285714285714
342	0.9714285714285714
617	0.9381720430107527
338	0.9949066213921901
514	0.9717573221757322
358	0.9717573221757322
386	0.9949066213921901
49	0.9717573221757322
67	0.9717573221757322
212	0.9832134292565947
579	0.9834254143646409
339	0.9834254143646409
660	0.9450292397660819
22	0.9714285714285714
639	0.9714285714285714
68	0.9832134292565947
405	0.9834254143646409
110	0.9949066213921901
414	0.9717573221757322
245	0.9717573221757322
255	0.9717573221757322
372	0.9450292397660819
335	0.9717573221757322
266	0.9381720430107527
571	0.9832134292565947
322	0.9717573221757322
485	0.9717573221757322
363	0.9714285714285714
356	0.9832134292565947
690	0.9949066213921901
567	0.9381720430107527
548	0.9832134292565947
81	0.9450292397660819
6	0.9717573221757322
526	0.9714285714285714
275	0.9834254143646409
654	0.9949066213921901
687	0.9717573221757322
144	0.9717573221757322
281	0.9832134292565947
664	0.9714285714285714
130	0.9949066213921901
198	0.9714285714285714
666	0.9832134292565947
545	0.9717573221757322
705	0.9717573221757322
120	0.9949066213921901
665	0.9949066213921901
595	0.9769784172661871
82	0.9450292397660819
506	0.9949066213921901
57	0.9714285714285714
127	0.9717573221757322
19	0.9769784172661871
219	0.9717573221757322
681	0.9769784172661871
294	0.9834254143646409
333	0.9832134292565947
694	0.9717573221757322
406	0.9714285714285714
323	0.9717573221757322
99	0.9832134292565947
495	0.9450292397660819
388	0.9714285714285714
249	0.9717573221757322
451	0.9949066213921901
132	0.9717573221757322
458	0.9832134292565947
137	0.9717573221757322
518	0.9949066213921901
629	0.9949066213921901
4	0.9717573221757322
509	0.9381720430107527
3	0.9832134292565947
427	0.9450292397660819
62	0.9949066213921901
327	0.9769784172661871
319	0.9381720430107527
691	0.9717573221757322
215	0.9381720430107527
620	0.9714285714285714
182	0.9949066213921901
313	0.9381720430107527
488	0.9714285714285714
158	0.9769784172661871
494	0.9769784172661871
154	0.9717573221757322
56	0.9769784172661871
426	0.9717573221757322
84	0.9834254143646409
465	0.9949066213921901
151	0.9717573221757322
142	0.9769784172661871
645	0.9834710743801653
47	0.9949066213921901
407	0.9714285714285714
14	0.9381720430107527
10	0.9769784172661871
493	0.9717573221757322
30	0.9381720430107527
565	0.9717573221757322
299	0.9717573221757322
611	0.9714285714285714
502	0.9769784172661871
476	0.9717573221757322
436	0.9717573221757322
510	0.9834254143646409
394	0.9717573221757322
242	0.9714285714285714
98	0.9450292397660819
361	0.9381720430107527
312	0.9381720430107527
12	0.9949066213921901
408	0.9769784172661871
439	0.9714285714285714
123	0.9949066213921901
355	0.9714285714285714
118	0.9714285714285714
229	0.9717573221757322
625	0.9949066213921901
703	0.9769784172661871
287	0.9717573221757322
210	0.9832134292565947
330	0.9717573221757322
675	0.9832134292565947
107	0.9832134292565947
546	0.9381720430107527
676	0.9949066213921901
220	0.9450292397660819
274	0.9949066213921901
94	0.9949066213921901
310	0.9717573221757322
653	0.9769784172661871
519	0.9949066213921901
134	0.9949066213921901
321	0.9717573221757322
375	0.9381720430107527
88	0.9949066213921901
644	0.9949066213921901
7	0.9717573221757322
589	0.9949066213921901
8	0.9717573221757322
641	0.9717573221757322
689	0.9769784172661871
623	0.9381720430107527
382	0.9832134292565947
573	0.9714285714285714
642	0.9834710743801653
224	0.9949066213921901
317	0.9949066213921901
564	0.9717573221757322
197	0.9717573221757322
606	0.9769784172661871
679	0.9714285714285714
141	0.9717573221757322
673	0.9769784172661871
482	0.9949066213921901
89	0.9717573221757322
214	0.9834254143646409
288	0.9717573221757322
544	0.9717573221757322
613	0.9834710743801653
63	0.9769784172661871
442	0.9381720430107527
283	0.9832134292565947
264	0.9832134292565947
112	0.9450292397660819
421	0.9381720430107527
185	0.9717573221757322
354	0.9717573221757322
569	0.9769784172661871
117	0.9834254143646409
648	0.9949066213921901
532	0.9714285714285714
592	0.9949066213921901
555	0.9769784172661871
481	0.9832134292565947
487	0.9717573221757322
464	0.9381720430107527
225	0.9769784172661871
400	0.9714285714285714
499	0.9717573221757322
149	0.9450292397660819
649	0.9717573221757322
199	0.9717573221757322
175	0.9949066213921901
376	0.9949066213921901
684	0.9717573221757322
430	0.9717573221757322
500	0.9769784172661871
200	0.9832134292565947
410	0.9714285714285714
21	0.9834710743801653
530	0.9769784172661871
163	0.9834254143646409
108	0.9769784172661871
254	0.9714285714285714
535	0.9381720430107527
686	0.9714285714285714
550	0.9717573221757322
292	0.9769784172661871
211	0.9717573221757322
637	0.9949066213921901
390	0.9949066213921901
11	0.9717573221757322
570	0.9381720430107527
692	0.9949066213921901
186	0.9949066213921901
416	0.9832134292565947
701	0.9834710743801653
467	0.9717573221757322
50	0.9450292397660819
503	0.9717573221757322
549	0.9714285714285714
433	0.9769784172661871
583	0.9450292397660819
71	0.9450292397660819
226	0.9717573221757322
156	0.9769784172661871
135	0.9717573221757322
599	0.9949066213921901
232	0.9769784172661871
513	0.9717573221757322
26	0.9949066213921901
38	0.9381720430107527
103	0.9834254143646409
289	0.9949066213921901
614	0.9717573221757322
334	0.9834254143646409
602	0.9714285714285714
347	0.9949066213921901
475	0.9717573221757322
114	0.9450292397660819
13	0.9949066213921901
706	0.9834254143646409
122	0.9717573221757322
337	0.9769784172661871
610	0.9717573221757322
695	0.9834254143646409
336	0.9769784172661871
412	0.9381720430107527
357	0.9717573221757322
450	0.9949066213921901
473	0.9949066213921901
349	0.9769784172661871
650	0.9450292397660819
250	0.9717573221757322
196	0.9450292397660819
457	0.9949066213921901
233	0.9769784172661871
183	0.9381720430107527
29	0.9834710743801653
86	0.9769784172661871
643	0.9949066213921901
76	0.9381720430107527
69	0.9832134292565947
619	0.9717573221757322
23	0.9834254143646409
326	0.9717573221757322
452	0.9717573221757322
169	0.9717573221757322
179	0.9714285714285714
173	0.9717573221757322
486	0.9717573221757322
79	0.9769784172661871
101	0.9832134292565947
273	0.9450292397660819
552	0.9381720430107527
527	0.9717573221757322
75	0.9832134292565947
109	0.9949066213921901
238	0.9834710743801653
180	0.9717573221757322
477	0.9717573221757322
9	0.9717573221757322
468	0.9949066213921901
352	0.9769784172661871
74	0.9769784172661871
419	0.9714285714285714
702	0.9717573221757322
591	0.9717573221757322
286	0.9717573221757322
291	0.9717573221757322
188	0.9717573221757322
36	0.9769784172661871
305	0.9949066213921901
24	0.9717573221757322
350	0.9834254143646409
128	0.9949066213921901
516	0.9717573221757322
170	0.9717573221757322
505	0.9381720430107527
561	0.9769784172661871
631	0.9381720430107527
401	0.9381720430107527
378	0.9949066213921901
708	0.9714285714285714
455	0.9717573221757322
267	0.9769784172661871
52	0.9714285714285714
521	0.9949066213921901
60	0.9450292397660819
17	0.9714285714285714
635	0.9717573221757322
533	0.9717573221757322
87	0.9717573221757322
381	0.9832134292565947
512	0.9949066213921901
300	0.9450292397660819
217	0.9381720430107527
657	0.9949066213921901
152	0.9949066213921901
490	0.9769784172661871
670	0.9450292397660819
279	0.9717573221757322
429	0.9949066213921901
385	0.9834710743801653
325	0.9949066213921901
329	0.9834710743801653
411	0.9714285714285714
663	0.9381720430107527
113	0.9769784172661871
146	0.9832134292565947
270	0.9949066213921901
93	0.9717573221757322
80	0.9949066213921901
157	0.9717573221757322
365	0.9834254143646409
596	0.9717573221757322
568	0.9717573221757322
301	0.9450292397660819
256	0.9714285714285714
497	0.9834254143646409
35	0.9450292397660819
202	0.9381720430107527
396	0.9450292397660819
646	0.9832134292565947
398	0.9834710743801653
276	0.9832134292565947
574	0.9769784172661871
33	0.9450292397660819
31	0.9714285714285714
362	0.9714285714285714
315	0.9832134292565947
389	0.9381720430107527
164	0.9450292397660819
542	0.9834254143646409
244	0.9717573221757322
424	0.9450292397660819
554	0.9769784172661871
640	0.9450292397660819
511	0.9381720430107527
360	0.9949066213921901
171	0.9717573221757322
437	0.9717573221757322
44	0.9411764705882353
609	0.9949066213921901
304	0.9714285714285714
332	0.9769784172661871
155	0.9832134292565947
221	0.9832134292565947
698	0.9381720430107527
18	0.9832134292565947
247	0.9450292397660819
295	0.9717573221757322
671	0.9834254143646409
576	0.9832134292565947
58	0.9834710743801653
626	0.9832134292565947
293	0.9949066213921901
126	0.9714285714285714
590	0.9381720430107527
111	0.9450292397660819
480	0.9769784172661871
55	0.9450292397660819
539	0.9769784172661871
628	0.9832134292565947
540	0.9450292397660819
218	0.9832134292565947
65	0.9717573221757322
239	0.9832134292565947
669	0.9832134292565947
598	0.9769784172661871
627	0.9450292397660819
605	0.9834254143646409
308	0.9769784172661871
119	0.9450292397660819
324	0.9832134292565947
237	0.9949066213921901
652	0.9714285714285714
461	0.9832134292565947
444	0.9714285714285714
483	0.9769784172661871
351	0.9717573221757322
240	0.9450292397660819
557	0.9450292397660819
77	0.9832134292565947
39	0.9717573221757322
20	0.9714285714285714
682	0.9717573221757322
268	0.9381720430107527
184	0.9832134292565947
496	0.9450292397660819
348	0.9381720430107527
674	0.9717573221757322
222	0.9834254143646409
353	0.9769784172661871
187	0.9450292397660819
688	0.9834710743801653
5	0.9949066213921901
668	0.9832134292565947
177	0.9769784172661871
278	0.9832134292565947
70	0.9714285714285714
236	0.9769784172661871
45	0.9834254143646409
658	0.9450292397660819
597	0.9717573221757322
296	0.9450292397660819
43	0.9450292397660819
699	0.9949066213921901
204	0.9769784172661871
136	0.9714285714285714
678	0.9834710743801653
520	0.9769784172661871
116	0.9450292397660819
534	0.9717573221757322
709	0.9717573221757322
587	0.9832134292565947
205	0.9450292397660819
624	0.9769784172661871
594	0.9381720430107527
34	0.9381720430107527
586	0.9832134292565947
262	0.9714285714285714
402	0.9769784172661871
91	0.9450292397660819
328	0.9450292397660819
541	0.9832134292565947
148	0.9834710743801653
167	0.9769784172661871
27	0.9949066213921901
422	0.9834254143646409
345	0.9832134292565947
647	0.9717573221757322
517	0.9769784172661871
459	0.9832134292565947
454	0.9834254143646409
48	0.9381720430107527
369	0.9381720430107527
25	0.9717573221757322
423	0.9450292397660819
387	0.9832134292565947
379	0.9450292397660819
522	0.9832134292565947
582	0.9450292397660819
90	0.9949066213921901
37	0.9450292397660819
252	0.9769784172661871
453	0.9714285714285714
298	0.9949066213921901
680	0.9832134292565947
85	0.9717573221757322
343	0.9717573221757322
472	0.9411764705882353
260	0.9450292397660819
257	0.9949066213921901
553	0.9714285714285714
282	0.9834254143646409
192	0.9450292397660819
46	0.9450292397660819
290	0.9450292397660819
16	0.9717573221757322
404	0.9834710743801653
443	0.9769784172661871
704	0.9450292397660819
615	0.9450292397660819
697	0.9949066213921901
399	0.9717573221757322
491	0.9450292397660819
161	0.9769784172661871
15	0.9450292397660819
234	0.9381720430107527
318	0.9832134292565947
366	0.9834254143646409
78	0.9450292397660819
431	0.9717573221757322
700	0.9832134292565947
466	0.9832134292565947
241	0.9949066213921901
131	0.9832134292565947
566	0.9949066213921901
531	0.9834710743801653
138	0.9769784172661871
346	0.9450292397660819
409	0.9450292397660819
53	0.9411764705882353
492	0.9832134292565947
515	0.9450292397660819
159	0.9949066213921901
172	0.9832134292565947
165	0.9450292397660819
115	0.9717573221757322
478	0.9450292397660819
432	0.9450292397660819
403	0.9717573221757322
269	0.9450292397660819
261	0.9769784172661871
251	0.9834710743801653
667	0.9834254143646409
340	0.9714285714285714
285	0.9450292397660819
95	0.9832134292565947
656	0.9381720430107527
435	0.9717573221757322
189	0.9714285714285714
206	0.9949066213921901
580	0.9832134292565947
129	0.9450292397660819
193	0.9450292397660819
538	0.9450292397660819
160	0.9450292397660819
302	0.9769784172661871
392	0.9450292397660819
191	0.9832134292565947
577	0.9450292397660819
508	0.9714285714285714
425	0.9450292397660819
139	0.9834254143646409
584	0.9949066213921901
551	0.9450292397660819
216	0.9717573221757322
661	0.9450292397660819
445	0.9832134292565947
223	0.9832134292565947
96	0.9381720430107527
121	0.9450292397660819
559	0.9450292397660819
140	0.9949066213921901
428	0.9450292397660819
449	0.9769784172661871
280	0.9834254143646409
581	0.9717573221757322
636	0.9381720430107527
28	0.9834254143646409
178	0.9832134292565947
2	0.9450292397660819
380	0.9450292397660819
547	0.9714285714285714
307	0.9450292397660819
181	0.9717573221757322
203	0.9450292397660819
707	0.9450292397660819
693	0.9450292397660819
470	0.9450292397660819
253	0.9769784172661871
677	0.9411764705882353
523	0.9949066213921901
272	0.9834710743801653
174	0.9450292397660819
413	0.9450292397660819
498	0.9769784172661871
133	0.9450292397660819
601	0.9450292397660819
393	0.9450292397660819
105	0.9381720430107527
265	0.9834254143646409
106	0.9769784172661871
368	0.9450292397660819
683	0.9832134292565947
92	0.9834710743801653
297	0.9450292397660819
474	0.9450292397660819
344	0.9949066213921901

LEVELCUTMM
7	0.9675732217573222
31	0.9719626168224299
35	0.9606741573033708
46	0.9675732217573222
51	0.9623655913978495
68	0.9841726618705036
89	0.9841726