1	92	55
1	74	10
1	94	74
1	93	18
1	70	32
1	10	86
1	27	91
1	37	71
1	26	24
1	93	2
1	91	13
1	23	80
1	25	77
1	49	94
1	78	11
1	70	47
1	21	65
1	3	70
1	68	94
1	91	23
1	66	80
1	88	54
1	72	54
1	93	78
1	99	15
1	37	73
1	81	98
1	82	17
1	61	86
1	54	84
1	74	73
1	22	56
1	6	95
1	91	89
1	74	34
1	42	30
1	41	18
1	51	70
1	24	44
1	37	77
1	1	78
1	47	87
1	85	82
1	51	48
1	14	65
1	31	92
1	81	62
1	76	69
1	13	91
1	70	36
1	79	28
1	22	82
1	66	95
1	72	67
1	36	97
1	49	51
1	29	75
1	95	64
1	98	62
1	42	11
1	30	85
1	87	52
1	56	80
1	52	93
1	30	54
1	63	30
1	57	62
1	70	55
1	18	41
1	81	94
1	42	17
1	23	85
1	8	95
1	72	84
1	97	79
1	91	81
1	19	67
1	51	38
1	78	96
1	33	28
1	74	90
1	66	85
1	95	77
1	64	75
1	80	40
1	54	73
1	85	49
1	38	36
1	32	31
1	34	80
1	55	41
1	58	33
1	98	74
1	67	44
1	72	66
1	48	87
1	27	44
1	98	44
1	89	44
2	59	17
2	65	57
2	8	17
2	92	8
2	16	25
2	57	9
2	13	74
2	41	84
2	16	50
2	59	54
2	98	54
2	54	30
2	11	48
2	60	44
2	78	55
2	39	69
2	81	88
2	34	32
2	44	50
2	71	35
2	56	69
2	36	41
2	91	75
2	57	73
2	80	31
2	27	76
2	79	30
2	68	15
2	70	57
2	61	84
2	64	71
2	13	94
2	64	81
2	27	87
2	46	97
2	75	79
2	58	18
2	68	86
2	92	29
2	87	92
2	66	98
2	97	15
2	90	60
2	16	91
2	50	12
2	31	92
2	13	89
2	96	56
2	16	63
2	3	28
2	71	10
2	88	64
2	98	32
2	71	96
2	77	65
2	69	74
2	79	90
2	72	94
2	77	70
2	60	88
2	40	79
2	61	50
2	81	79
2	41	93
2	92	64
2	80	51
2	92	26
2	63	67
2	87	0
2	67	94
2	26	66
2	53	89
2	30	39
2	31	48
2	71	58
2	48	87
2	3	94
2	26	67
2	79	81
2	87	13
2	62	78
2	25	83
2	92	73
2	78	84
2	28	63
2	94	53
2	73	32
2	39	24
2	98	77
2	99	50
2	20	46
2	88	39
2	80	77
2	35	54
2	63	11
2	78	40
2	42	57
2	80	85
3	3	76
3	14	89
3	91	58
3	1	99
3	68	41
3	67	61
3	57	17
3	54	92
3	25	52
3	28	3
3	24	84
3	95	72
3	45	34
3	7	87
3	46	5
3	87	61
3	65	44
3	30	91
3	51	76
3	89	74
3	97	66
3	67	64
3	51	75
3	87	99
3	53	77
3	21	86
3	74	22
3	30	86
3	53	30
3	68	58
3	90	89
3	84	72
3	67	40
3	73	88
3	70	17
3	17	81
3	93	23
3	18	76
3	48	32
3	96	72
3	24	40
3	24	95
3	63	84
3	62	70
3	98	68
3	55	35
3	58	23
3	89	90
3	31	89
3	42	3
3	84	63
3	12	15
3	76	0
3	65	76
3	71	29
3	83	38
3	48	34
3	17	87
3	13	89
3	93	4
3	80	76
3	78	10
3	98	74
3	25	98
3	52	93
3	96	33
3	4	93
3	61	55
3	47	88
3	67	70
3	95	30
3	66	40
3	51	95
3	93	56
3	27	82
3	51	86
3	79	64
3	71	41
3	76	70
3	81	60
3	30	96
3	12	74
3	64	75
3	69	81
3	94	82
3	72	32
3	94	74
3	70	12
3	75	94
3	74	24
3	29	41
3	34	79
3	52	76
3	40	70
3	18	59
3	42	72
3	93	6
3	76	78
3	43	86
4	69	67
4	66	99
4	25	89
4	54	59
4	78	51
4	95	55
4	81	57
4	95	84
4	73	44
4	80	76
4	36	85
4	13	54
4	40	59
4	81	64
4	50	74
4	27	36
4	80	57
4	92	16
4	77	98
4	58	22
4	71	63
4	41	29
4	59	26
4	30	21
4	63	37
4	50	48
4	67	90
4	24	35
4	52	96
4	83	91
4	51	52
4	64	89
4	56	48
4	36	61
4	34	99
4	54	30
4	37	63
4	87	76
4	69	97
4	89	97
4	99	65
4	89	36
4	25	85
4	1	84
4	81	18
4	48	13
4	52	33
4	75	59
4	81	82
4	53	45
4	88	98
4	88	97
4	43	46
4	36	98
4	65	42
4	92	48
4	78	46
4	74	80
4	59	40
4	87	43
4	59	89
4	45	78
4	64	81
4	39	75
4	73	94
4	37	49
4	86	23
4	70	42
4	30	77
4	68	60
4	82	50
4	47	18
4	60	87
4	99	39
4	38	95
4	42	98
4	56	87
4	76	94
4	36	57
4	77	85
4	96	84
4	64	35
4	39	67
4	60	32
4	87	53
4	97	57
4	81	32
4	59	36
4	7	99
4	71	90
4	21	13
4	48	46
4	87	69
4	69	95
4	94	56
4	50	52
4	88	23
4	96	70
4	46	70
4	96	29
5	56	49
5	23	99
5	37	93
5	83	32
5	86	59
5	76	95
5	22	84
5	60	96
5	23	85
5	36	68
5	58	22
5	44	25
5	96	92
5	33	67
5	79	90
5	47	88
5	94	91
5	13	79
5	18	27
5	56	98
5	90	84
5	67	21
5	45	7
5	85	50
5	37	32
5	68	36
5	68	89
5	56	82
5	40	12
5	18	34
5	79	92
5	59	29
5	62	60
5	56	72
5	59	66
5	7	71
5	93	81
5	46	50
5	2	55
5	87	63
5	78	73
5	43	95
5	18	45
5	64	0
5	78	90
5	81	51
5	43	90
5	84	56
5	86	10
5	48	67
5	54	38
5	48	93
5	29	99
5	81	4
5	88	66
5	92	88
5	88	96
5	72	75
5	93	44
5	56	78
5	69	28
5	98	2
5	42	62
5	69	96
5	91	63
5	65	78
5	72	70
5	61	1
5	90	86
5	83	73
5	87	42
5	57	58
5	50	35
5	5	86
5	80	89
5	18	96
5	81	50
5	84	61
5	87	21
5	83	51
5	67	49
5	58	50
5	59	56
5	82	32
5	85	92
5	67	41
5	84	90
5	9	69
5	71	93
5	27	95
5	36	27
5	88	1
5	64	98
5	80	53
5	49	66
5	54	70
6	40	53
6	56	40
6	22	61
6	0	66
6	64	41
6	52	62
6	62	99
6	56	98
6	56	34
6	93	66
6	26	97
6	54	24
6	89	33
6	73	74
6	41	94
6	40	37
6	98	63
6	97	24
6	16	96
6	6	95
6	79	15
6	80	24
6	82	40
6	45	73
6	62	60
6	58	73
6	63	40
6	86	73
6	77	46
6	95	50
6	96	49
6	40	55
6	11	78
6	92	44
6	91	15
6	95	53
6	0	91
6	76	72
6	95	96
6	98	28
6	80	77
6	51	82
6	34	58
6	27	96
6	82	28
6	72	47
6	0	58
6	33	61
6	72	83
6	7	95
6	83	69
6	28	92
6	80	72
6	41	18
6	97	22
6	25	78
6	37	81
6	66	98
6	94	95
6	22	97
6	77	87
6	53	4
6	22	78
6	58	45
6	46	87
6	64	81
6	58	34
6	19	48
6	10	56
6	71	99
6	48	91
6	36	20
6	75	15
6	74	21
6	53	27
6	85	77
6	9	98
6	58	77
6	8	98
6	39	27
6	71	90
6	72	65
6	52	28
6	74	41
6	60	71
6	73	42
6	31	56
6	84	45
6	42	54
6	98	50
6	55	95
6	12	31
6	45	78
6	21	38
6	92	31
6	73	58
6	30	18
6	77	24
6	39	91
7	79	74
7	19	95
7	41	84
7	40	10
7	9	89
7	62	69
7	2	78
7	78	81
7	49	25
7	90	57
7	89	81
7	39	68
7	73	54
7	74	66
7	76	27
7	31	88
7	44	37
7	47	52
7	76	41
7	41	89
7	54	31
7	74	59
7	18	98
7	45	71
7	39	55
7	47	10
7	55	56
7	58	31
7	37	14
7	72	61
7	89	38
7	66	89
7	83	15
7	77	2
7	82	59
7	59	88
7	48	2
7	16	47
7	60	94
7	51	0
7	74	44
7	56	49
7	8	74
7	77	38
7	77	44
7	58	93
7	56	62
7	65	35
7	10	40
7	94	53
7	21	95
7	82	84
7	96	67
7	80	13
7	57	64
7	71	63
7	37	89
7	7	53
7	46	30
7	23	79
7	16	20
7	49	22
7	88	64
7	88	66
7	86	69
7	96	89
7	78	42
7	8	59
7	91	60
7	58	85
7	59	58
7	26	50
7	48	85
7	94	93
7	28	77
7	17	41
7	47	91
7	5	74
7	87	72
7	53	56
7	19	55
7	92	79
7	71	61
7	89	79
7	50	37
7	41	67
7	24	68
7	97	37
7	47	43
7	19	46
7	98	79
7	61	35
7	57	36
7	94	70
7	71	42
7	80	54
8	77	54
8	65	11
8	57	42
8	72	98
8	27	33
8	14	62
8	17	41
8	37	74
8	70	12
8	96	33
8	51	53
8	99	13
8	39	74
8	96	18
8	49	26
8	46	97
8	80	41
8	48	89
8	23	32
8	62	65
8	64	70
8	44	90
8	89	33
8	57	93
8	17	37
8	38	83
8	73	9
8	11	58
8	13	62
8	18	56
8	87	34
8	86	57
8	31	23
8	8	77
8	33	98
8	61	87
8	92	97
8	68	11
8	50	61
8	3	65
8	85	49
8	4	93
8	71	79
8	94	15
8	43	29
8	17	44
8	90	97
8	12	70
8	1	70
8	33	77
8	90	56
8	76	90
8	98	82
8	41	80
8	73	80
8	86	40
8	22	58
8	72	47
8	76	42
8	99	26
8	88	99
8	74	57
8	98	16
8	71	23
8	43	48
8	23	71
8	60	51
8	64	71
8	4	60
8	52	62
8	74	61
8	56	52
8	70	23
8	3	53
8	94	39
8	82	25
8	95	31
8	4	96
8	95	63
8	74	83
8	84	62
8	54	27
8	43	42
8	55	82
8	92	38
8	29	45
8	83	38
8	69	90
8	39	9
8	29	89
8	80	92
8	65	61
8	27	66
8	79	61
8	60	86
8	45	89
8	38	74
8	50	64
8	52	56
9	0	38
9	22	30
9	26	93
9	55	33
9	13	85
9	97	46
9	42	68
9	50	91
9	74	73
9	46	66
9	46	80
9	88	29
9	44	22
9	24	86
9	89	90
9	72	30
9	98	24
9	30	88
9	78	99
9	98	95
9	45	65
9	55	75
9	37	90
9	56	40
9	65	98
9	89	39
9	91	87
9	1	90
9	92	72
9	91	10
9	43	70
9	89	86
9	52	89
9	47	58
9	94	91
9	47	95
9	92	81
9	55	49
9	26	63
9	94	30
9	69	68
9	65	47
9	33	98
9	15	75
9	60	13
9	30	72
9	60	41
9	72	42
9	14	65
9	87	84
9	86	65
9	29	26
9	58	52
9	59	78
9	97	61
9	70	85
9	78	37
9	23	88
9	74	22
9	29	84
9	47	91
9	23	82
9	45	80
9	88	25
9	94	36
9	29	90
9	54	96
9	46	85
9	74	83
9	33	95
9	47	93
9	83	57
9	96	90
9	26	89
9	56	78
9	64	78
9	58	38
9	82	18
9	67	51
9	57	60
9	77	62
9	32	80
9	91	93
9	57	42
9	81	26
9	65	67
9	63	75
9	37	16
9	19	59
9	76	18
9	85	72
9	69	21
9	30	97
9	50	90
9	37	51
9	98	40
9	57	19
9	28	84
9	22	48
10	79	13
10	15	87
10	88	76
10	5	89
10	60	11
10	86	82
10	34	66
10	56	83
10	12	94
10	45	53
10	80	60
10	65	55
10	89	44
10	96	41
10	97	80
10	63	32
10	33	38
10	85	65
10	14	86
10	83	23
10	87	88
10	62	64
10	78	26
10	93	48
10	99	61
10	89	54
10	74	67
10	26	37
10	58	98
10	71	99
10	87	89
10	41	82
10	38	66
10	90	64
10	0	58
10	39	44
10	94	49
10	67	89
10	18	87
10	67	11
10	82	75
10	28	93
10	93	28
10	53	51
10	32	91
10	83	67
10	60	14
10	54	85
10	14	88
10	88	53
10	50	58
10	77	97
10	84	63
10	74	99
10	41	97
10	84	39
10	15	59
10	60	86
10	74	78
10	34	72
10	76	69
10	71	55
10	94	24
10	53	59
10	29	72
10	40	74
10	74	96
10	80	65
10	65	20
10	50	80
10	68	75
10	32	74
10	30	29
10	29	46
10	72	81
10	83	90
10	47	96
10	67	46
10	0	85
10	43	72
10	58	82
10	29	17
10	97	94
10	94	16
10	58	42
10	80	45
10	60	69
10	79	63
10	30	95
10	83	74
10	59	35
10	52	20
10	68	93
10	88	99
10	84	99
10	35	78
10	47	90
10	55	33
10	63	87
11	77	21
11	70	44
11	75	80
11	98	29
11	26	87
11	79	85
11	56	60
11	53	41
11	43	84
11	97	60
11	35	45
11	31	71
11	99	98
11	92	51
11	92	48
11	97	69
11	47	68
11	51	92
11	58	34
11	96	90
11	92	15
11	72	47
11	34	56
11	45	7
11	19	97
11	66	10
11	78	34
11	56	90
11	55	67
11	18	88
11	45	3
11	91	28
11	97	86
11	44	78
11	75	94
11	54	96
11	35	65
11	14	69
11	19	57
11	68	62
11	72	48
11	20	66
11	68	80
11	94	45
11	80	96
11	63	21
11	73	3
11	77	92
11	38	79
11	95	40
11	27	7
11	99	73
11	18	25
11	85	64
11	89	51
11	77	81
11	78	90
11	84	89
11	51	90
11	62	89
11	67	39
11	80	74
11	31	77
11	39	67
11	96	37
11	70	38
11	39	71
11	3	39
11	96	60
11	2	71
11	61	76
11	51	24
11	47	59
11	32	41
11	52	53
11	91	69
11	53	89
11	95	79
11	47	49
11	86	8
11	97	71
11	26	57
11	9	50
11	45	53
11	89	11
11	95	77
11	12	82
11	18	26
11	82	81
11	93	3
11	44	67
11	66	19
11	21	10
11	50	61
11	30	89
11	41	40
11	73	80
11	45	73
11	67	82
12	65	92
12	44	72
12	51	8
12	61	49
12	90	12
12	82	31
12	55	30
12	23	58
12	41	67
12	71	32
12	74	32
12	78	9
12	75	68
12	60	93
12	38	41
12	94	44
12	68	30
12	61	9
12	47	91
12	58	23
12	30	88
12	51	66
12	13	52
12	40	94
12	59	73
12	44	60
12	19	47
12	54	52
12	11	79
12	35	99
12	99	33
12	93	54
12	66	92
12	98	55
12	28	82
12	69	30
12	50	97
12	52	93
12	67	26
12	89	20
12	63	81
12	88	99
12	99	24
12	33	61
12	61	1
12	45	88
12	94	81
12	49	79
12	29	64
12	55	88
12	33	28
12	29	69
12	55	42
12	73	93
12	27	90
12	31	79
12	73	29
12	98	88
12	99	92
12	25	78
12	83	65
12	74	72
12	1	52
12	36	68
12	10	99
12	45	37
12	80	40
12	86	26
12	49	84
12	61	89
12	99	18
12	74	24
12	67	55
12	47	99
12	67	37
12	3	89
12	11	61
12	54	34
12	84	44
12	58	89
12	96	16
12	69	31
12	69	17
12	49	30
12	65	44
12	12	98
12	65	57
12	71	30
12	94	26
12	83	71
12	75	95
12	75	48
12	84	87
12	29	91
12	98	51
12	44	27
12	93	42
12	42	73
13	14	86
13	69	89
13	54	92
13	94	70
13	56	78
13	43	84
13	26	42
13	39	58
13	67	76
13	22	81
13	45	31
13	99	36
13	73	95
13	40	96
13	32	34
13	98	12
13	90	52
13	53	89
13	29	81
13	91	87
13	74	54
13	35	98
13	92	51
13	35	65
13	50	74
13	63	89
13	66	49
13	10	77
13	28	87
13	22	50
13	99	39
13	67	43
13	40	62
13	88	84
13	77	83
13	70	90
13	81	99
13	24	60
13	10	27
13	54	71
13	43	67
13	76	34
13	56	74
13	79	47
13	92	18
13	37	94
13	54	30
13	99	81
13	34	27
13	60	83
13	97	70
13	52	99
13	89	65
13	80	45
13	4	88
13	18	35
13	35	70
13	25	96
13	87	70
13	61	93
13	54	87
13	47	91
13	66	88
13	22	43
13	2	94
13	82	25
13	73	48
13	36	69
13	38	51
13	34	98
13	1	88
13	71	20
13	77	65
13	53	66
13	98	85
13	62	98
13	40	23
13	80	35
13	77	58
13	35	96
13	74	87
13	55	1
13	31	96
13	99	93
13	77	72
13	26	95
13	39	34
13	34	74
13	56	88
13	21	56
13	17	72
13	83	84
13	70	72
13	57	84
13	47	28
13	65	69
13	89	49
13	57	70
14	39	38
14	96	42
14	84	66
14	96	13
14	24	66
14	16	72
14	69	83
14	96	38
14	81	78
14	80	43
14	92	26
14	14	67
14	79	1
14	92	80
14	15	46
14	89	14
14	67	73
14	31	23
14	81	83
14	71	55
14	23	68
14	31	67
14	94	82
14	66	29
14	80	69
14	43	61
14	74	84
14	29	22
14	91	84
14	46	62
14	55	9
14	78	60
14	68	50
14	29	57
14	65	52
14	80	96
14	80	98
14	25	63
14	76	89
14	89	38
14	62	60
14	68	86
14	32	47
14	74	88
14	15	79
14	70	59
14	83	74
14	54	61
14	42	97
14	94	97
14	43	99
14	90	78
14	11	84
14	77	62
14	20	10
14	53	66
14	46	55
14	44	83
14	8	93
14	36	54
14	37	67
14	21	56
14	97	83
14	65	84
14	88	49
14	92	13
14	89	47
14	63	90
14	18	60
14	90	44
14	24	41
14	65	56
14	93	88
14	9	83
14	60	72
14	85	78
14	88	75
14	24	78
14	83	55
14	61	69
14	49	66
14	43	86
14	12	67
14	44	52
14	73	65
14	47	77
14	89	19
14	64	80
14	67	53
14	46	57
14	43	51
14	92	94
14	15	60
14	54	94
14	23	29
14	25	37
14	98	73
14	81	30
14	80	93
14	91	55
15	57	46
15	0	59
15	45	61
15	45	65
15	46	61
15	61	26
15	84	89
15	63	20
15	98	66
15	30	83
15	76	39
15	55	70
15	96	91
15	25	98
15	73	57
15	10	71
15	21	98
15	40	50
15	31	97
15	84	47
15	27	85
15	54	67
15	77	28
15	86	65
15	81	26
15	66	48
15	11	66
15	41	58
15	65	51
15	78	82
15	52	67
15	90	98
15	67	20
15	44	69
15	93	94
15	78	67
15	61	69
15	87	11
15	74	64
15	96	15
15	77	85
15	92	87
15	63	79
15	30	96
15	60	73
15	93	11
15	84	46
15	68	2
15	42	89
15	40	59
15	69	68
15	46	27
15	74	79
15	72	66
15	11	82
15	54	71
15	75	95
15	20	39
15	18	61
15	63	82
15	55	43
15	70	1
15	47	17
15	72	37
15	75	86
15	75	66
15	79	61
15	60	66
15	91	23
15	75	88
15	56	99
15	33	63
15	65	3
15	56	61
15	93	39
15	83	45
15	45	99
15	45	20
15	58	64
15	98	69
15	66	72
15	96	50
15	25	62
15	3	91
15	36	6
15	38	88
15	62	35
15	28	70
15	80	97
15	52	37
15	6	65
15	80	99
15	83	42
15	96	8
15	86	38
15	9	35
15	45	86
15	77	16
16	71	62
16	78	75
16	69	99
16	20	0
16	95	9
16	99	83
16	65	96
16	69	36
16	39	32
16	26	75
16	70	38
16	57	61
16	65	75
16	92	93
16	29	91
16	7	48
16	46	88
16	58	56
16	74	82
16	96	41
16	42	21
16	81	75
16	95	86
16	73	19
16	79	98
16	94	14
16	25	88
16	23	57
16	67	85
16	46	41
16	71	74
16	9	78
16	72	61
16	40	53
16	18	94
16	59	95
16	75	85
16	96	1
16	20	71
16	74	53
16	94	60
16	54	26
16	23	96
16	89	36
16	79	47
16	33	48
16	79	35
16	89	84
16	83	28
16	79	85
16	86	49
16	43	46
16	53	96
16	41	37
16	91	46
16	36	70
16	60	38
16	71	94
16	78	35
16	27	62
16	46	83
16	39	80
16	99	29
16	7	84
16	41	31
16	39	43
16	88	37
16	31	90
16	89	10
16	45	11
16	42	37
16	82	85
16	59	84
16	30	88
16	63	37
16	94	53
16	99	32
16	46	86
16	66	73
16	96	82
16	93	96
16	81	77
16	57	58
16	75	61
16	66	74
16	59	93
16	78	93
16	86	58
16	81	57
16	18	89
16	91	61
16	61	21
16	28	83
16	99	41
16	14	67
16	74	91
16	98	28
16	19	96
16	95	78
16	83	75
17	86	62
17	97	27
17	62	78
17	13	84
17	98	14
17	87	29
17	26	50
17	76	66
17	40	54
17	78	69
17	35	54
17	89	72
17	60	78
17	44	72
17	65	53
17	37	48
17	25	30
17	14	95
17	55	65
17	31	47
17	85	24
17	63	69
17	70	93
17	77	84
17	88	40
17	84	82
17	17	80
17	81	68
17	74	58
17	87	50
17	31	49
17	93	75
17	72	84
17	45	84
17	58	53
17	79	95
17	60	40
17	87	15
17	55	44
17	80	31
17	94	59
17	59	29
17	92	93
17	84	60
17	0	80
17	60	99
17	26	97
17	25	92
17	26	63
17	97	64
17	87	93
17	6	91
17	99	79
17	68	75
17	80	92
17	65	82
17	29	98
17	60	56
17	73	14
17	42	72
17	39	53
17	75	29
17	95	76
17	79	88
17	59	73
17	53	29
17	49	95
17	72	44
17	92	18
17	47	97
17	53	45
17	86	80
17	61	34
17	59	39
17	6	86
17	66	31
17	15	40
17	31	60
17	55	56
17	99	38
17	81	70
17	80	36
17	73	85
17	54	60
17	60	13
17	81	88
17	82	3
17	44	45
17	22	87
17	32	79
17	68	4
17	88	72
17	71	34
17	8	49
17	71	38
17	86	94
17	21	62
17	85	72
17	11	77
18	51	49
18	81	56
18	99	82
18	95	89
18	61	9
18	48	59
18	72	58
18	39	85
18	95	55
18	37	85
18	90	13
18	96	67
18	33	21
18	97	24
18	69	94
18	60	9
18	28	48
18	18	60
18	76	99
18	56	80
18	88	1
18	36	65
18	9	50
18	73	23
18	23	64
18	72	87
18	63	31
18	41	70
18	82	58
18	62	58
18	56	41
18	78	68
18	87	67
18	74	78
18	90	21
18	88	48
18	98	12
18	31	72
18	26	64
18	98	92
18	31	63
18	97	71
18	77	48
18	36	29
18	58	84
18	52	55
18	23	73
18	93	71
18	98	49
18	93	39
18	93	57
18	63	64
18	18	64
18	50	92
18	36	64
18	6	58
18	40	61
18	74	92
18	82	72
18	99	45
18	56	53
18	83	55
18	87	96
18	48	22
18	92	35
18	42	55
18	78	6
18	61	91
18	91	47
18	13	95
18	37	99
18	36	88
18	7	89
18	83	27
18	90	96
18	33	27
18	78	54
18	59	67
18	50	52
18	47	12
18	56	93
18	37	93
18	99	0
18	79	92
18	10	72
18	23	60
18	68	83
18	43	84
18	91	18
18	82	67
18	64	36
18	74	70
18	70	21
18	45	16
18	82	85
18	25	78
18	36	89
18	95	35
18	70	49
19	26	3
19	26	34
19	76	65
19	76	66
19	19	78
19	98	60
19	82	43
19	99	75
19	7	80
19	55	53
19	57	9
19	20	79
19	72	92
19	20	85
19	78	74
19	22	85
19	32	29
19	92	1
19	8	56
19	74	99
19	96	31
19	89	85
19	49	81
19	83	41
19	75	2
19	54	68
19	77	49
19	54	20
19	40	74
19	25	73
19	18	63
19	95	49
19	41	64
19	11	70
19	72	11
19	99	27
19	13	76
19	94	71
19	88	63
19	3	98
19	26	68
19	25	98
19	44	93
19	52	73
19	98	23
19	94	80
19	52	41
19	98	39
19	78	54
19	21	85
19	88	30
19	41	87
19	82	30
19	45	90
19	2	35
19	72	53
19	7	59
19	47	70
19	82	72
19	22	88
19	98	69
19	47	71
19	59	81
19	38	51
19	22	24
19	99	15
19	50	96
19	61	53
19	90	33
19	31	33
19	98	26
19	68	59
19	88	36
19	57	74
19	75	25
19	72	34
19	34	94
19	70	84
19	59	3
19	96	44
19	32	98
19	99	64
19	79	50
19	23	95
19	88	95
19	50	32
19	33	32
19	93	58
19	65	35
19	32	60
19	42	83
19	59	90
19	44	27
19	71	94
19	48	27
19	0	84
19	44	75
19	17	71
19	57	85
19	17	27
20	12	60
20	91	79
20	77	9
20	28	54
20	61	1
20	94	80
20	16	17
20	94	61
20	80	72
20	23	82
20	73	82
20	98	78
20	83	47
20	90	3
20	99	51
20	39	69
20	57	43
20	54	5
20	96	37
20	60	91
20	92	58
20	12	64
20	79	96
20	13	91
20	82	38
20	4	95
20	72	79
20	62	92
20	62	54
20	65	89
20	74	95
20	22	98
20	19	33
20	61	34
20	63	91
20	88	71
20	67	52
20	33	52
20	39	29
20	40	49
20	57	76
20	77	23
20	84	71
20	91	2
20	93	30
20	81	96
20	79	60
20	60	98
20	32	80
20	76	33
20	98	82
20	46	80
20	57	96
20	81	99
20	50	71
20	38	86
20	12	42
20	4	59
20	39	93
20	32	66
20	91	65
20	36	40
20	27	72
20	87	70
20	49	64
20	27	94
20	39	88
20	58	99
20	90	97
20	64	12
20	90	65
20	89	82
20	16	22
20	73	76
20	46	55
20	60	97
20	59	43
20	54	97
20	62	72
20	88	45
20	80	87
20	90	69
20	64	95
20	91	53
20	98	30
20	70	80
20	11	83
20	96	13
20	78	38
20	91	50
20	62	67
20	55	84
20	62	77
20	53	91
20	84	59
20	94	83
20	79	18
20	51	96
20	18	79
20	81	12
21	93	88
21	89	66
21	28	65
21	87	42
21	22	94
21	29	61
21	25	54
21	97	86
21	94	15
21	84	49
21	94	67
21	98	68
21	34	80
21	21	83
21	81	75
21	96	39
21	63	33
21	84	80
21	43	29
21	47	80
21	45	90
21	24	79
21	95	87
21	26	99
21	55	37
21	72	90
21	79	84
21	71	88
21	66	70
21	62	65
21	20	72
21	19	41
21	31	67
21	96	14
21	8	77
21	97	91
21	10	79
21	0	59
21	43	30
21	95	12
21	36	88
21	53	99
21	72	37
21	27	62
21	93	92
21	56	96
21	89	29
21	1	78
21	63	91
21	59	62
21	94	17
21	96	44
21	54	76
21	54	52
21	12	82
21	60	46
21	77	60
21	84	22
21	16	84
21	90	54
21	81	57
21	33	98
21	99	13
21	5	96
21	49	89
21	19	68
21	62	98
21	63	77
21	79	37
21	97	55
21	91	37
21	64	21
21	97	73
21	97	54
21	45	94
21	12	44
21	24	77
21	57	88
21	63	28
21	98	1
21	52	22
21	33	89
21	68	87
21	46	60
21	74	94
21	31	42
21	7	47
21	78	29
21	95	25
21	98	46
21	39	87
21	57	53
21	22	31
21	35	23
21	72	57
21	87	80
21	61	84
21	44	16
21	99	26
21	88	96
22	42	30
22	96	25
22	73	61
22	80	2
22	87	55
22	81	85
22	79	77
22	83	31
22	12	58
22	37	80
22	75	77
22	93	40
22	69	94
22	79	51
22	93	30
22	27	29
22	88	8
22	98	39
22	92	40
22	83	25
22	26	69
22	27	73
22	80	58
22	73	74
22	41	46
22	77	81
22	71	68
22	58	92
22	88	15
22	57	46
22	52	74
22	78	24
22	16	86
22	96	55
22	99	51
22	94	72
22	85	88
22	68	60
22	80	62
22	57	96
22	19	57
22	65	45
22	16	41
22	48	70
22	60	23
22	3	97
22	40	55
22	92	69
22	9	96
22	74	92
22	96	22
22	51	97
22	93	90
22	33	90
22	18	38
22	29	23
22	66	71
22	24	96
22	90	9
22	91	56
22	29	99
22	31	95
22	80	65
22	99	31
22	92	16
22	94	58
22	65	74
22	78	75
22	54	93
22	98	22
22	71	86
22	79	58
22	71	36
22	42	58
22	39	20
22	88	85
22	98	64
22	60	49
22	61	86
22	63	98
22	83	44
22	62	46
22	14	91
22	54	48
22	68	95
22	66	34
22	37	66
22	66	92
22	65	87
22	34	64
22	36	74
22	70	80
22	17	87
22	64	31
22	54	67
22	69	41
23	83	11
23	82	57
23	74	80
23	27	95
23	21	33
23	70	42
23	47	50
23	56	23
23	57	75
23	75	12
23	64	81
23	87	50
23	26	86
23	85	54
23	54	70
23	81	91
23	53	58
23	53	45
23	69	43
23	0	54
23	58	18
23	31	85
23	16	72
23	39	87
23	63	32
23	78	84
23	0	65
23	23	97
23	16	52
23	52	89
23	0	88
23	2	45
23	37	15
23	53	21
23	65	43
23	75	60
23	87	98
23	83	33
23	66	71
23	93	51
23	28	65
23	18	34
23	57	29
23	35	97
23	46	16
23	88	93
23	64	49
23	17	89
23	60	46
23	35	74
23	81	83
23	92	82
23	21	96
23	46	45
23	16	55
23	39	81
23	92	44
23	22	97
23	74	87
23	59	83
23	54	42
23	67	0
23	27	79
23	66	13
23	84	87
23	74	88
23	47	97
23	89	62
23	72	96
23	89	77
23	89	66
23	17	27
23	49	16
23	21	68
23	96	66
23	73	28
23	99	40
23	12	57
23	81	46
23	63	74
23	10	55
23	74	96
23	52	86
23	61	77
23	55	38
23	18	79
23	83	20
23	41	64
23	93	75
23	72	60
23	70	52
23	60	59
23	53	60
23	29	81
23	69	40
23	97	56
23	67	37
23	44	37
23	86	24
24	99	38
24	24	95
24	95	86
24	42	36
24	84	38
24	19	57
24	72	52
24	98	54
24	55	97
24	63	99
24	93	99
24	47	55
24	89	47
24	66	71
24	33	57
24	97	58
24	53	34
24	43	76
24	39	91
24	9	93
24	98	1
24	86	17
24	12	79
24	77	45
24	76	93
24	72	47
24	80	65
24	40	75
24	56	36
24	36	90
24	95	99
24	53	75
24	77	54
24	30	67
24	55	33
24	93	29
24	28	51
24	33	85
24	95	83
24	37	95
24	48	93
24	83	78
24	63	87
24	70	19
24	88	86
24	86	88
24	47	77
24	94	17
24	11	84
24	32	30
24	44	97
24	31	70
24	13	98
24	71	76
24	25	54
24	55	85
24	34	48
24	74	1
24	81	63
24	87	73
24	41	78
24	74	63
24	70	71
24	84	83
24	2	53
24	46	42
24	82	80
24	71	36
24	95	80
24	79	78
24	73	50
24	84	77
24	61	98
24	39	82
24	96	49
24	64	82
24	92	87
24	75	67
24	96	21
24	86	43
24	78	81
24	73	47
24	93	45
24	30	90
24	87	2
24	63	38
24	61	92
24	54	61
24	71	38
24	38	70
24	77	95
24	42	15
24	96	25
24	24	77
24	21	93
24	59	81
24	40	13
24	98	74
24	79	84
25	97	27
25	97	36
25	57	62
25	77	63
25	93	63
25	34	67
25	69	98
25	34	93
25	89	88
25	30	90
25	76	96
25	73	96
25	82	2
25	85	54
25	16	74
25	99	67
25	46	59
25	20	26
25	70	57
25	59	77
25	58	76
25	35	82
25	15	65
25	65	15
25	67	62
25	65	53
25	12	72
25	91	45
25	68	58
25	21	45
25	65	98
25	25	85
25	47	31
25	79	90
25	9	53
25	74	25
25	95	48
25	61	33
25	68	35
25	60	91
25	83	48
25	28	51
25	82	54
25	28	16
25	28	68
25	21	90
25	52	66
25	93	84
25	79	84
25	53	75
25	81	15
25	85	45
25	11	86
25	89	25
25	32	80
25	48	2
25	31	38
25	61	99
25	85	40
25	47	86
25	95	67
25	43	69
25	25	56
25	59	42
25	23	50
25	59	93
25	60	29
25	41	83
25	34	86
25	33	76
25	10	63
25	24	94
25	59	82
25	79	66
25	34	80
25	10	56
25	82	99
25	46	92
25	88	72
25	53	38
25	75	28
25	59	57
25	37	56
25	74	11
25	33	85
25	35	57
25	75	81
25	51	94
25	59	55
25	77	62
25	67	97
25	23	88
25	79	98
25	29	35
25	79	53
25	34	69
25	33	71
26	59	53
26	68	63
26	91	69
26	99	18
26	36	88
26	80	12
26	47	73
26	4	12
26	70	89
26	79	63
26	43	20
26	68	51
26	98	48
26	77	5
26	59	61
26	3	54
26	88	49
26	60	61
26	59	99
26	16	50
26	37	71
26	98	85
26	45	69
26	89	59
26	56	89
26	64	55
26	84	96
26	49	66
26	75	36
26	4	97
26	71	55
26	14	20
26	31	80
26	27	80
26	7	38
26	21	59
26	14	59
26	81	50
26	95	3
26	98	95
26	97	98
26	90	89
26	63	4
26	89	75
26	68	13
26	0	93
26	98	49
26	60	92
26	45	92
26	58	34
26	91	0
26	80	37
26	34	92
26	98	79
26	82	80
26	89	24
26	82	70
26	91	11
26	68	23
26	73	11
26	97	40
26	42	89
26	51	36
26	23	88
26	65	63
26	59	12
26	95	56
26	23	84
26	41	89
26	65	68
26	18	44
26	98	55
26	91	99
26	36	62
26	30	81
26	0	83
26	56	70
26	43	96
26	46	39
26	58	96
26	54	98
26	18	65
26	62	84
26	86	73
26	15	38
26	90	80
26	86	90
26	33	65
26	56	76
26	16	97
26	23	46
26	89	41
26	26	28
26	94	31
26	79	96
26	91	5
26	53	90
26	71	69
26	13	75
27	86	29
27	82	94
27	12	62
27	18	48
27	13	55
27	96	62
27	88	26
27	13	68
27	6	87
27	89	73
27	56	32
27	83	44
27	70	66
27	37	55
27	12	73
27	52	44
27	96	36
27	98	9
27	25	73
27	78	72
27	53	26
27	98	65
27	38	24
27	56	36
27	94	66
27	33	95
27	98	73
27	98	89
27	81	49
27	23	32
27	23	55
27	99	56
27	45	36
27	27	96
27	75	2
27	34	80
27	75	10
27	69	37
27	57	88
27	57	93
27	46	33
27	38	52
27	34	82
27	22	73
27	24	94
27	61	35
27	29	99
27	58	71
27	65	85
27	53	0
27	73	96
27	57	62
27	46	69
27	65	72
27	74	10
27	32	66
27	99	78
27	21	55
27	67	78
27	20	65
27	74	44
27	25	45
27	82	93
27	47	82
27	41	99
27	78	17
27	87	94
27	58	13
27	48	18
27	96	71
27	8	64
27	13	66
27	94	93
27	13	84
27	53	42
27	55	59
27	22	39
27	37	98
27	82	85
27	96	66
27	45	99
27	94	55
27	88	76
27	12	72
27	38	67
27	93	89
27	35	96
27	50	42
27	92	46
27	87	28
27	90	51
27	31	84
27	35	77
27	32	54
27	45	28
27	86	1
27	76	53
27	91	36
27	60	95
27	80	50
28	83	58
28	51	92
28	26	61
28	79	11
28	68	73
28	24	88
28	35	68
28	94	38
28	78	26
28	36	61
28	36	68
28	70	92
28	95	54
28	86	36
28	36	37
28	68	41
28	26	22
28	21	67
28	47	85
28	44	28
28	18	30
28	34	74
28	81	23
28	1	98
28	81	95
28	48	66
28	67	78
28	28	88
28	20	98
28	58	29
28	45	37
28	66	48
28	43	52
28	35	63
28	71	39
28	69	82
28	80	67
28	27	89
28	28	70
28	97	96
28	64	61
28	79	93
28	82	64
28	70	89
28	66	3
28	40	57
28	85	19
28	0	72
28	50	57
28	39	55
28	82	10
28	52	64
28	14	82
28	58	85
28	80	40
28	87	25
28	16	90
28	31	59
28	73	41
28	45	59
28	57	93
28	89	84
28	87	41
28	26	52
28	33	55
28	94	51
28	22	26
28	48	70
28	81	37
28	60	62
28	78	87
28	40	94
28	50	86
28	35	16
28	64	12
28	81	99
28	12	64
28	61	59
28	10	91
28	58	33
28	85	78
28	45	87
28	86	88
28	30	66
28	91	54
28	97	9
28	86	44
28	21	44
28	81	90
28	51	29
28	89	81
28	3	35
28	91	52
28	37	36
28	1	53
28	63	79
28	64	41
28	73	42
28	45	66
29	53	54
29	73	70
29	69	16
29	58	48
29	88	66
29	91	85
29	52	71
29	31	90
29	71	62
29	95	82
29	80	74
29	57	78
29	90	0
29	96	24
29	86	41
29	53	74
29	96	74
29	31	79
29	31	91
29	90	99
29	63	96
29	96	55
29	32	64
29	57	55
29	60	35
29	68	48
29	83	51
29	65	26
29	75	25
29	97	79
29	90	23
29	61	88
29	48	54
29	84	38
29	81	92
29	72	85
29	86	81
29	74	99
29	67	94
29	56	88
29	31	60
29	34	45
29	11	23
29	94	25
29	80	62
29	95	52
29	89	5
29	84	75
29	40	77
29	18	51
29	43	12
29	84	79
29	50	32
29	29	22
29	63	43
29	97	67
29	94	20
29	37	46
29	16	53
29	25	96
29	63	88
29	19	77
29	28	87
29	84	92
29	62	79
29	2	79
29	52	15
29	23	46
29	1	52
29	94	67
29	67	63
29	79	98
29	12	72
29	54	21
29	85	91
29	28	66
29	29	84
29	63	95
29	57	82
29	22	81
29	44	65
29	86	45
29	72	22
29	39	81
29	63	60
29	56	23
29	72	83
29	91	79
29	71	10
29	43	44
29	76	32
29	52	94
29	33	79
29	28	82
29	61	51
29	13	78
29	87	92
29	55	95
29	78	23
30	67	72
30	37	35
30	52	46
30	85	36
30	84	43
30	79	92
30	58	1
30	3	97
30	82	50
30	46	36
30	61	89
30	97	84
30	15	62
30	18	75
30	84	88
30	9	51
30	69	80
30	94	98
30	97	92
30	34	32
30	73	45
30	22	37
30	92	39
30	33	57
30	23	53
30	28	60
30	67	53
30	27	96
30	67	75
30	24	88
30	80	95
30	67	64
30	66	31
30	64	82
30	41	61
30	64	66
30	33	98
30	53	73
30	76	79
30	79	57
30	45	54
30	21	16
30	49	60
30	14	96
30	66	26
30	58	75
30	69	73
30	63	36
30	73	31
30	96	75
30	26	44
30	99	48
30	15	21
30	90	68
30	53	79
30	15	73
30	64	73
30	70	58
30	74	86
30	47	46
30	88	69
30	92	60
30	94	82
30	96	80
30	49	21
30	80	96
30	85	76
30	75	34
30	34	61
30	3	12
30	49	91
30	53	35
30	53	84
30	24	50
30	40	54
30	70	76
30	75	97
30	97	70
30	52	86
30	2	71
30	69	63
30	33	76
30	96	43
30	54	58
30	80	77
30	61	51
30	9	78
30	69	40
30	71	53
30	73	79
30	86	37
30	69	66
30	36	85
30	83	78
30	89	49
30	99	14
30	23	61
30	57	14
30	50	18
31	78	66
31	84	65
31	92	27
31	90	48
31	31	84
31	42	84
31	80	25
31	89	81
31	87	56
31	66	90
31	59	87
31	49	98
31	34	97
31	94	54
31	78	76
31	47	97
31	96	5
31	6	45
31	50	96
31	29	25
31	60	71
31	38	50
31	58	48
31	41	71
31	44	80
31	87	39
31	77	72
31	10	98
31	0	72
31	3	80
31	98	60
31	68	29
31	99	73
31	34	86
31	71	33
31	86	32
31	86	40
31	76	34
31	91	94
31	62	45
31	45	72
31	99	59
31	97	45
31	74	59
31	62	32
31	74	87
31	73	81
31	18	19
31	20	13
31	13	95
31	80	76
31	76	66
31	50	34
31	34	92
31	54	19
31	33	16
31	80	3
31	68	33
31	50	82
31	82	43
31	63	85
31	1	94
31	16	47
31	8	68
31	93	61
31	42	96
31	76	70
31	14	75
31	67	51
31	50	33
31	38	42
31	84	55
31	78	58
31	18	48
31	74	67
31	39	60
31	18	72
31	18	80
31	99	18
31	71	15
31	70	19
31	75	13
31	21	48
31	37	66
31	21	82
31	8	80
31	97	80
31	30	34
31	9	74
31	77	66
31	77	81
31	47	62
31	39	25
31	70	86
31	69	30
31	77	61
31	76	72
31	37	56
31	63	24
31	55	83
32	52	41
32	31	66
32	39	87
32	34	96
32	32	73
32	43	85
32	40	25
32	74	80
32	71	88
32	66	9
32	30	91
32	85	57
32	65	40
32	39	66
32	71	0
32	92	55
32	93	28
32	84	81
32	59	72
32	37	83
32	16	21
32	81	88
32	71	43
32	99	4
32	72	57
32	99	83
32	87	23
32	40	64
32	88	89
32	81	37
32	76	63
32	40	73
32	46	16
32	92	15
32	85	30
32	30	82
32	3	72
32	85	45
32	24	26
32	80	62
32	50	48
32	79	47
32	12	55
32	60	18
32	42	50
32	74	49
32	21	75
32	61	37
32	36	88
32	81	47
32	78	89
32	48	97
32	94	72
32	78	31
32	42	78
32	39	81
32	54	22
32	41	28
32	81	98
32	66	80
32	40	36
32	73	55
32	43	28
32	37	81
32	41	68
32	53	90
32	90	78
32	28	72
32	51	11
32	39	36
32	96	87
32	57	49
32	92	36
32	41	37
32	46	67
32	33	96
32	25	56
32	86	52
32	7	64
32	72	23
32	85	87
32	45	87
32	82	56
32	79	80
32	23	77
32	99	54
32	62	13
32	24	73
32	86	64
32	38	27
32	66	21
32	55	36
32	28	62
32	93	56
32	73	46
32	82	45
32	62	87
33	19	83
33	54	16
33	82	79
33	69	71
33	40	23
33	57	70
33	66	7
33	94	65
33	44	96
33	86	75
33	89	42
33	69	97
33	13	97
33	77	60
33	14	96
33	69	91
33	28	56
33	89	80
33	37	75
33	95	38
33	41	65
33	84	88
33	72	13
33	99	57
33	84	15
33	54	22
33	38	59
33	73	82
33	80	69
33	55	85
33	50	72
33	75	3
33	22	54
33	59	38
33	80	68
33	69	46
33	15	73
33	76	68
33	60	77
33	63	41
33	21	47
33	75	63
33	27	83
33	99	74
33	26	93
33	52	91
33	50	93
33	39	61
33	12	77
33	36	45
33	60	58
33	38	64
33	46	50
33	47	41
33	24	80
33	85	88
33	55	65
33	53	96
33	70	28
33	81	13
33	68	53
33	63	99
33	48	61
33	83	90
33	61	6
33	76	24
33	17	97
33	66	77
33	12	50
33	37	13
33	87	44
33	17	61
33	97	84
33	57	83
33	93	44
33	84	80
33	37	62
33	83	17
33	59	13
33	45	82
33	83	45
33	53	78
33	93	64
33	98	55
33	49	77
33	14	29
33	42	98
33	13	84
33	35	80
33	74	49
33	81	89
33	99	46
33	66	98
33	85	66
33	81	75
33	43	76
33	44	27
33	84	78
33	52	84
34	50	37
34	74	89
34	99	61
34	99	88
34	27	7
34	44	58
34	17	83
34	52	93
34	54	37
34	92	93
34	73	49
34	76	73
34	59	60
34	98	73
34	15	78
34	54	85
34	35	90
34	60	76
34	97	62
34	52	41
34	73	71
34	56	75
34	19	43
34	29	90
34	52	38
34	98	72
34	89	67
34	67	56
34	50	97
34	68	56
34	31	39
34	76	96
34	94	64
34	88	94
34	68	65
34	18	76
34	28	87
34	59	23
34	50	66
34	68	75
34	20	39
34	88	5
34	47	97
34	70	91
34	72	45
34	66	71
34	53	75
34	38	93
34	28	98
34	57	93
34	75	76
34	23	87
34	92	89
34	54	97
34	7	90
34	80	38
34	39	8
34	86	32
34	86	19
34	97	55
34	24	33
34	48	25
34	47	76
34	28	81
34	71	65
34	96	16
34	53	60
34	50	67
34	69	57
34	91	35
34	80	8
34	81	49
34	96	72
34	71	37
34	72	66
34	87	59
34	63	27
34	95	80
34	99	39
34	93	78
34	44	31
34	63	12
34	51	80
34	97	75
34	48	53
34	59	56
34	85	26
34	55	69
34	84	3
34	57	0
34	85	74
34	69	70
34	94	76
34	27	60
34	93	73
34	73	16
34	39	20
34	59	66
34	86	87
34	32	20
35	79	32
35	66	84
35	91	50
35	50	65
35	57	12
35	54	91
35	40	61
35	33	97
35	62	99
35	60	73
35	63	85
35	81	19
35	42	31
35	75	27
35	16	27
35	91	31
35	56	50
35	43	75
35	58	29
35	87	51
35	84	21
35	27	82
35	32	79
35	59	35
35	33	74
35	85	78
35	73	20
35	22	55
35	83	74
35	93	60
35	81	72
35	78	60
35	47	65
35	30	80
35	84	68
35	17	90
35	50	89
35	68	78
35	45	98
35	21	74
35	71	84
35	16	32
35	89	7
35	60	88
35	13	73
35	28	25
35	26	47
35	71	98
35	30	74
35	44	92
35	26	67
35	51	48
35	48	13
35	90	29
35	88	97
35	84	41
35	54	15
35	89	60
35	86	37
35	68	37
35	40	62
35	57	16
35	77	85
35	95	57
35	29	93
35	94	6
35	54	42
35	99	53
35	70	64
35	37	23
35	15	44
35	94	57
35	84	88
35	59	50
35	42	21
35	40	66
35	38	53
35	79	89
35	96	61
35	23	76
35	19	96
35	99	34
35	72	25
35	94	35
35	68	66
35	52	99
35	36	62
35	68	41
35	74	26
35	41	78
35	98	41
35	53	49
35	84	48
35	96	30
35	25	35
35	94	87
35	78	31
36	57	14
36	64	91
36	56	74
36	81	10
36	37	99
36	75	31
36	95	88
36	18	33
36	80	86
36	90	78
36	60	21
36	58	78
36	81	46
36	89	50
36	82	18
36	44	52
36	80	50
36	51	81
36	56	31
36	27	89
36	19	79
36	99	50
36	81	22
36	51	69
36	84	44
36	61	55
36	45	99
36	78	74
36	48	77
36	79	12
36	99	80
36	83	70
36	69	79
36	49	41
36	75	98
36	18	45
36	84	40
36	6	97
36	46	12
36	37	93
36	67	52
36	86	46
36	72	87
36	91	23
36	65	88
36	90	38
36	79	77
36	41	18
36	85	86
36	8	88
36	68	90
36	93	59
36	48	49
36	87	58
36	55	89
36	63	36
36	95	6
36	99	67
36	70	95
36	62	66
36	44	37
36	78	43
36	77	31
36	60	75
36	44	77
36	42	84
36	54	72
36	21	68
36	48	71
36	99	42
36	63	58
36	21	60
36	83	4
36	80	78
36	31	83
36	12	60
36	66	82
36	61	90
36	58	4
36	53	60
36	85	65
36	94	44
36	75	17
36	55	51
36	89	70
36	42	48
36	97	62
36	22	75
36	55	98
36	66	94
36	29	89
36	93	55
36	20	65
36	22	58
36	18	64
36	78	80
36	79	97
36	76	71
37	56	37
37	59	68
37	42	89
37	35	81
37	74	86
37	50	14
37	72	63
37	66	86
37	66	97
37	78	10
37	86	32
37	49	58
37	92	85
37	78	2
37	90	64
37	69	99
37	66	47
37	51	12
37	44	19
37	93	91
37	11	82
37	93	17
37	57	83
37	68	38
37	54	43
37	87	89
37	19	92
37	9	94
37	93	45
37	42	58
37	79	60
37	36	93
37	91	48
37	30	34
37	62	40
37	69	57
37	64	32
37	97	70
37	94	88
37	2	74
37	4	92
37	13	91
37	80	43
37	66	89
37	33	35
37	55	99
37	58	46
37	34	94
37	82	15
37	69	74
37	82	37
37	99	9
37	73	47
37	92	6
37	42	32
37	61	67
37	65	50
37	87	37
37	43	57
37	81	14
37	93	67
37	19	67
37	33	91
37	45	20
37	25	58
37	20	91
37	32	90
37	88	86
37	83	70
37	47	84
37	32	62
37	52	42
37	88	50
37	55	42
37	80	63
37	28	43
37	51	60
37	89	57
37	33	64
37	51	88
37	64	34
37	95	88
37	0	94
37	85	28
37	93	54
37	72	77
37	8	88
37	48	10
37	82	52
37	50	77
37	60	94
37	84	92
37	28	98
37	69	63
37	85	43
37	33	95
37	88	51
37	95	53
38	70	71
38	30	47
38	42	68
38	39	31
38	93	59
38	23	84
38	26	58
38	2	78
38	68	20
38	19	97
38	58	56
38	32	71
38	33	46
38	49	30
38	80	22
38	96	99
38	97	17
38	68	97
38	88	18
38	3	67
38	96	87
38	67	91
38	89	21
38	46	72
38	64	31
38	91	71
38	43	39
38	14	97
38	99	19
38	69	4
38	43	28
38	98	57
38	79	99
38	67	32
38	59	57
38	94	76
38	27	71
38	38	64
38	98	42
38	62	33
38	92	45
38	54	46
38	60	58
38	34	78
38	37	85
38	44	6
38	90	65
38	87	26
38	99	8
38	59	38
38	84	45
38	90	91
38	78	60
38	66	85
38	36	87
38	80	64
38	65	24
38	47	75
38	80	40
38	88	63
38	23	66
38	93	67
38	9	91
38	91	29
38	9	45
38	65	74
38	47	82
38	96	38
38	98	95
38	94	50
38	59	98
38	51	91
38	48	69
38	65	17
38	41	43
38	22	78
38	22	51
38	88	28
38	93	81
38	24	63
38	39	94
38	90	21
38	81	26
38	64	18
38	80	25
38	28	96
38	98	76
38	76	51
38	65	47
38	47	87
38	45	36
38	16	36
38	65	83
38	71	19
38	19	83
38	85	57
38	31	81
39	93	32
39	91	80
39	42	36
39	78	99
39	94	98
39	64	92
39	51	42
39	88	32
39	78	80
39	99	66
39	83	23
39	30	71
39	81	59
39	20	44
39	69	96
39	78	34
39	69	94
39	46	40
39	63	69
39	67	91
39	45	55
39	53	71
39	93	62
39	57	12
39	24	26
39	14	61
39	68	50
39	46	48
39	51	98
39	21	98
39	71	6
39	71	62
39	27	71
39	64	97
39	62	27
39	78	66
39	98	92
39	5	87
39	16	90
39	98	43
39	32	79
39	88	89
39	86	60
39	31	74
39	90	54
39	31	67
39	58	55
39	25	86
39	99	16
39	68	99
39	39	81
39	94	21
39	62	80
39	33	51
39	83	20
39	94	67
39	74	77
39	25	89
39	38	26
39	77	75
39	86	72
39	81	78
39	48	71
39	26	84
39	64	95
39	61	86
39	32	45
39	85	57
39	76	41
39	70	22
39	72	69
39	12	83
39	32	56
39	38	63
39	1	30
39	77	20
39	68	71
39	46	55
39	83	51
39	55	4
39	64	84
39	87	52
39	52	92
39	92	38
39	92	81
39	81	43
39	26	37
39	62	79
39	54	51
39	90	82
39	35	41
39	95	81
39	65	88
39	48	7
39	81	54
39	85	1
39	61	39
39	19	57
40	51	36
40	4	72
40	50	29
40	83	2
40	88	80
40	52	44
40	96	42
40	44	24
40	91	74
40	58	94
40	35	78
40	97	28
40	77	51
40	63	20
40	86	73
40	28	45
40	19	70
40	42	80
40	67	89
40	33	82
40	35	2
40	53	52
40	23	93
40	78	82
40	82	23
40	34	53
40	84	30
40	63	28
40	37	23
40	30	89
40	54	22
40	43	95
40	59	81
40	58	79
40	44	83
40	96	89
40	20	89
40	94	76
40	87	2
40	22	98
40	96	90
40	47	31
40	29	13
40	44	57
40	92	35
40	35	24
40	48	90
40	90	96
40	70	89
40	66	9
40	12	57
40	28	93
40	89	95
40	54	32
40	41	43
40	71	33
40	90	55
40	71	30
40	56	66
40	42	82
40	92	60
40	73	80
40	11	63
40	14	20
40	77	86
40	95	91
40	17	96
40	54	49
40	51	73
40	28	95
40	85	78
40	25	98
40	71	31
40	66	96
40	85	69
40	99	63
40	96	17
40	55	52
40	26	75
40	36	37
40	86	92
40	85	52
40	35	25
40	83	26
40	20	30
40	76	48
40	93	3
40	66	49
40	62	58
40	55	72
40	94	37
40	23	98
40	77	2
40	19	90
40	47	32
41	16	38
41	74	25
41	85	30
41	34	97
41	71	34
41	38	77
41	79	42
41	21	81
41	96	43
41	52	40
41	23	83
41	97	41
41	95	36
41	11	25
41	46	81
41	70	29
41	66	3
41	44	37
41	30	69
41	77	89
41	52	37
41	86	87
41	53	20
41	51	78
41	71	40
41	24	47
41	53	65
41	86	40
41	36	53
41	59	92
41	56	90
41	24	36
41	95	4
41	95	50
41	85	56
41	52	49
41	65	63
41	97	27
41	81	86
41	67	56
41	1	95
41	83	67
41	86	95
41	88	41
41	68	73
41	61	7
41	91	26
41	82	70
41	55	60
41	23	56
41	17	76
41	98	42
41	68	67
41	26	60
41	96	83
41	56	27
41	75	89
41	40	57
41	50	75
41	71	21
41	92	82
41	88	62
41	98	19
41	88	31
41	97	98
41	93	26
41	90	67
41	64	29
41	51	84
41	45	73
41	76	83
41	84	24
41	57	17
41	36	5
41	29	50
41	62	44
41	99	56
41	37	71
41	90	64
41	43	70
41	29	65
41	71	42
41	0	81
41	89	49
41	53	58
41	67	53
41	73	37
41	59	81
41	30	49
41	49	44
41	28	17
41	60	52
41	81	24
41	47	59
41	99	78
41	95	31
41	41	16
41	15	89
41	0	98
42	18	73
42	75	84
42	29	79
42	61	31
42	13	94
42	85	35
42	74	61
42	65	91
42	67	66
42	74	80
42	72	57
42	80	74
42	21	44
42	45	72
42	18	75
42	83	23
42	16	75
42	22	37
42	71	86
42	57	21
42	7	46
42	19	85
42	52	18
42	2	68
42	90	91
42	43	66
42	70	22
42	65	5
42	48	66
42	16	88
42	71	97
42	9	97
42	12	94
42	84	69
42	40	39
42	98	51
42	35	95
42	68	2
42	81	12
42	96	80
42	72	50
42	97	79
42	63	54
42	90	89
42	60	76
42	90	16
42	17	90
42	98	3
42	76	65
42	95	90
42	40	68
42	97	59
42	99	76
42	45	81
42	12	81
42	77	89
42	91	67
42	67	52
42	47	78
42	6	51
42	22	80
42	99	77
42	35	51
42	95	50
42	75	18
42	60	79
42	83	87
42	1	77
42	59	58
42	6	72
42	80	60
42	42	51
42	62	50
42	92	58
42	84	88
42	59	23
42	52	67
42	85	90
42	97	87
42	22	48
42	25	51
42	41	3
42	16	44
42	72	59
42	34	97
42	99	32
42	54	92
42	37	98
42	88	52
42	71	40
42	91	98
42	98	69
42	95	72
42	46	11
42	91	76
42	29	27
42	92	51
42	90	29
42	74	91
43	27	99
43	34	85
43	71	21
43	79	72
43	78	55
43	92	1
43	71	74
43	80	31
43	18	93
43	86	82
43	66	50
43	63	51
43	97	54
43	3	31
43	68	44
43	76	51
43	63	64
43	40	85
43	94	47
43	47	40
43	80	73
43	37	55
43	1	95
43	66	49
43	59	82
43	46	18
43	34	86
43	59	49
43	22	43
43	47	61
43	53	81
43	85	88
43	45	72
43	83	77
43	97	23
43	71	9
43	94	80
43	35	75
43	88	49
43	69	34
43	56	72
43	93	27
43	72	49
43	80	36
43	20	89
43	92	16
43	74	28
43	92	7
43	60	22
43	49	68
43	70	34
43	25	61
43	81	64
43	94	60
43	13	71
43	82	47
43	63	81
43	21	82
43	96	15
43	84	98
43	82	78
43	61	5
43	79	69
43	49	52
43	92	54
43	80	58
43	59	64
43	62	64
43	81	76
43	75	35
43	66	94
43	91	83
43	44	90
43	81	77
43	50	84
43	42	53
43	64	93
43	67	34
43	20	92
43	5	59
43	31	3
43	93	31
43	65	56
43	33	90
43	38	92
43	61	74
43	32	87
43	74	79
43	10	97
43	35	71
43	55	70
43	56	71
43	87	62
43	62	38
43	98	75
43	27	95
43	75	85
44	4	65
44	50	91
44	14	60
44	80	96
44	28	93
44	67	23
44	61	21
44	81	23
44	75	24
44	87	37
44	49	91
44	93	82
44	67	87
44	60	42
44	96	61
44	68	98
44	74	34
44	54	97
44	96	31
44	25	58
44	81	11
44	64	63
44	50	49
44	11	73
44	75	73
44	31	64
44	26	53
44	61	49
44	70	93
44	75	89
44	87	89
44	99	10
44	52	0
44	79	64
44	99	35
44	22	63
44	10	97
44	9	68
44	0	72
44	42	94
44	30	59
44	93	70
44	38	76
44	27	20
44	29	28
44	46	60
44	49	77
44	25	94
44	97	25
44	6	60
44	16	93
44	0	97
44	93	79
44	63	33
44	54	88
44	18	46
44	26	60
44	66	54
44	91	93
44	50	72
44	67	56
44	32	96
44	57	90
44	78	49
44	84	82
44	94	43
44	88	54
44	26	85
44	47	29
44	69	25
44	76	53
44	66	33
44	66	85
44	94	49
44	11	91
44	72	35
44	21	48
44	97	62
44	79	43
44	93	71
44	63	30
44	59	91
44	32	85
44	56	96
44	94	99
44	90	77
44	35	62
44	50	41
44	71	44
44	95	82
44	83	67
44	68	2
44	96	88
44	50	61
44	48	32
44	27	48
44	94	97
44	87	36
44	39	15
45	31	48
45	76	80
45	52	54
45	52	84
45	88	89
45	87	45
45	31	51
45	39	92
45	58	66
45	92	57
45	48	93
45	40	82
45	98	52
45	84	92
45	20	34
45	55	69
45	84	85
45	91	59
45	58	63
45	79	52
45	77	63
45	47	62
45	83	95
45	1	71
45	41	97
45	87	16
45	86	29
45	83	57
45	65	83
45	39	75
45	86	44
45	69	88
45	86	31
45	76	12
45	94	10
45	88	71
45	64	7
45	89	40
45	88	95
45	56	65
45	66	82
45	54	97
45	61	86
45	41	25
45	37	81
45	61	95
45	62	54
45	47	96
45	34	91
45	34	32
45	86	46
45	15	52
45	48	96
45	59	15
45	47	53
45	8	83
45	27	82
45	28	73
45	83	59
45	95	17
45	46	40
45	90	53
45	63	62
45	84	90
45	97	72
45	37	61
45	85	14
45	63	43
45	20	90
45	56	60
45	70	51
45	72	15
45	79	76
45	52	29
45	77	51
45	37	98
45	11	66
45	77	60
45	16	41
45	22	19
45	60	83
45	70	38
45	22	10
45	76	81
45	93	74
45	78	73
45	17	72
45	99	61
45	45	99
45	94	79
45	96	94
45	91	50
45	90	98
45	81	61
45	87	10
45	13	53
45	95	29
46	82	91
46	63	30
46	64	41
46	72	14
46	84	63
46	46	66
46	83	65
46	76	30
46	15	72
46	48	54
46	66	86
46	82	96
46	91	46
46	54	31
46	70	71
46	86	96
46	42	90
46	82	75
46	57	82
46	15	76
46	79	60
46	55	68
46	30	52
46	1	91
46	62	88
46	44	88
46	27	24
46	24	76
46	82	30
46	29	67
46	51	73
46	0	72
46	32	1
46	69	85
46	93	59
46	3	65
46	14	76
46	14	99
46	43	85
46	21	75
46	1	79
46	62	47
46	3	77
46	85	92
46	39	64
46	57	58
46	73	35
46	94	1
46	13	63
46	89	91
46	63	21
46	37	57
46	43	55
46	27	74
46	56	42
46	48	97
46	46	50
46	55	78
46	87	71
46	62	25
46	1	82
46	27	93
46	14	73
46	16	72
46	96	3
46	35	86
46	96	64
46	91	73
46	71	63
46	78	97
46	33	69
46	96	43
46	46	8
46	88	76
46	68	86
46	84	52
46	97	87
46	55	74
46	1	52
46	92	96
46	51	98
46	40	71
46	59	67
46	69	16
46	43	21
46	75	11
46	87	86
46	1	62
46	89	44
46	99	39
46	78	39
46	95	22
46	95	66
46	24	79
46	88	92
46	27	33
46	51	78
46	41	42
46	16	93
47	75	89
47	89	40
47	38	56
47	13	53
47	83	55
47	89	47
47	11	66
47	89	63
47	81	8
47	67	27
47	32	67
47	7	99
47	67	97
47	86	97
47	42	67
47	87	8
47	72	94
47	97	64
47	94	12
47	71	98
47	82	76
47	80	34
47	88	31
47	17	35
47	79	22
47	41	71
47	47	97
47	97	45
47	70	64
47	2	98
47	57	19
47	67	51
47	47	81
47	41	93
47	33	47
47	48	63
47	88	83
47	57	60
47	79	36
47	78	88
47	96	28
47	72	45
47	71	33
47	82	26
47	70	77
47	90	28
47	66	97
47	87	67
47	94	43
47	43	63
47	95	35
47	10	84
47	41	43
47	33	84
47	72	78
47	87	97
47	27	82
47	61	82
47	78	11
47	23	52
47	72	82
47	80	88
47	91	94
47	75	70
47	89	19
47	42	93
47	75	26
47	48	42
47	75	87
47	85	90
47	64	97
47	30	33
47	70	60
47	55	15
47	46	98
47	51	98
47	89	7
47	70	33
47	81	19
47	90	57
47	37	95
47	44	98
47	31	81
47	4	73
47	91	63
47	63	80
47	27	64
47	85	13
47	78	23
47	70	90
47	84	7
47	91	34
47	99	31
47	62	10
47	74	67
47	35	13
47	10	26
47	65	26
47	76	81
48	93	65
48	51	94
48	16	61
48	70	24
48	64	79
48	34	81
48	77	81
48	28	60
48	77	39
48	28	13
48	56	89
48	85	48
48	76	54
48	58	44
48	77	23
48	17	35
48	89	20
48	77	41
48	33	7
48	56	60
48	50	89
48	67	98
48	86	21
48	97	69
48	99	41
48	84	36
48	90	20
48	77	0
48	93	74
48	57	73
48	22	94
48	43	35
48	50	97
48	76	13
48	18	30
48	43	30
48	21	39
48	14	29
48	76	43
48	17	56
48	71	61
48	0	37
48	98	58
48	49	47
48	87	65
48	67	53
48	29	24
48	86	9
48	24	90
48	30	94
48	53	55
48	89	86
48	80	99
48	45	61
48	59	17
48	53	70
48	47	42
48	1	50
48	89	29
48	43	52
48	77	32
48	32	99
48	66	69
48	95	63
48	74	82
48	97	64
48	74	53
48	94	62
48	96	28
48	1	55
48	98	57
48	80	11
48	89	32
48	21	88
48	65	29
48	50	80
48	80	18
48	66	46
48	63	67
48	45	51
48	54	57
48	59	52
48	42	86
48	68	51
48	37	49
48	0	72
48	68	1
48	25	94
48	60	71
48	31	65
48	18	89
48	46	66
48	78	48
48	75	91
48	89	76
49	76	73
49	8	20
49	31	61
49	42	11
49	95	56
49	32	89
49	74	60
49	79	69
49	73	45
49	78	79
49	88	54
49	73	95
49	98	76
49	88	53
49	95	55
49	29	50
49	98	80
49	87	48
49	48	73
49	75	92
49	44	83
49	14	77
49	78	42
49	42	94
49	89	5
49	62	69
49	13	82
49	96	30
49	56	71
49	27	48
49	82	21
49	22	58
49	30	78
49	85	10
49	78	28
49	77	50
49	62	97
49	55	32
49	34	23
49	59	91
49	21	87
49	90	94
49	74	47
49	96	94
49	37	49
49	89	10
49	86	56
49	59	78
49	78	53
49	43	92
49	68	75
49	96	64
49	38	50
49	96	37
49	89	39
49	79	61
49	66	49
49	96	73
49	44	47
49	66	96
49	89	92
49	9	68
49	30	53
49	69	79
49	88	57
49	77	14
49	57	45
49	85	8
49	65	71
49	81	82
49	47	19
49	64	73
49	72	30
49	98	97
49	89	31
49	46	67
49	99	82
49	93	56
49	45	19
49	52	96
49	83	19
49	98	57
49	50	57
49	99	97
49	72	27
49	94	87
49	45	98
49	20	38
49	66	50
49	67	69
49	80	86
49	80	27
49	58	85
49	82	86
49	83	33
49	25	97
49	79	83
49	75	76
49	96	88
49	0	78
50	73	92
50	69	60
50	25	3
50	99	31
50	45	85
50	73	97
50	3	85
50	3	41
50	78	50
50	66	83
50	83	37
50	30	87
50	36	76
50	69	77
50	17	91
50	85	92
50	95	96
50	91	54
50	6	31
50	20	69
50	95	8
50	95	67
50	66	77
50	84	14
50	80	13
50	28	30
50	87	66
50	63	50
50	63	47
50	67	33
50	14	66
50	41	73
50	85	25
50	46	51
50	70	53
50	88	81
50	83	45
50	76	63
50	59	49
50	87	63
50	20	43
50	94	76
50	59	76
50	7	89
50	20	68
50	88	73
50	74	37
50	98	99
50	38	48
50	33	53
50	65	67
50	98	50
50	75	63
50	88	32
50	17	95
50	97	88
50	71	82
50	52	49
50	98	36
50	67	50
50	9	94
50	10	87
50	26	30
50	14	60
50	9	67
50	95	56
50	69	99
50	3	92
50	33	25
50	60	98
50	99	47
50	53	64
50	73	3
50	69	18
50	3	80
50	97	78
50	77	95
50	81	99
50	78	99
50	66	74
50	82	56
50	95	47
50	1	99
50	81	33
50	92	69
50	79	17
50	81	84
50	84	88
50	90	24
50	91	69
50	65	87
50	94	22
50	95	77
50	57	29
50	35	87
50	92	73
50	91	58
50	65	66
51	97	88
51	74	60
51	15	50
51	67	81
51	30	83
51	62	29
51	85	36
51	14	88
51	8	80
51	79	2
51	87	35
51	11	72
51	23	44
51	95	16
51	63	27
51	90	74
51	54	60
51	82	37
51	25	51
51	49	71
51	61	74
51	32	51
51	88	67
51	80	35
51	11	84
51	39	64
51	48	33
51	33	26
51	51	45
51	48	75
51	96	42
51	71	83
51	67	24
51	60	71
51	57	86
51	17	87
51	34	7
51	60	59
51	92	37
51	18	90
51	53	99
51	96	82
51	14	82
51	39	73
51	65	45
51	95	23
51	49	24
51	35	78
51	63	32
51	52	80
51	76	74
51	97	31
51	92	90
51	89	79
51	96	50
51	21	59
51	94	65
51	56	66
51	98	91
51	91	78
51	76	25
51	46	83
51	61	93
51	66	81
51	77	92
51	82	63
51	48	96
51	98	97
51	84	90
51	71	56
51	26	61
51	22	18
51	84	88
51	24	48
51	4	22
51	68	65
51	97	28
51	66	56
51	80	9
51	62	67
51	91	57
51	52	61
51	97	42
51	3	17
51	97	58
51	37	86
51	81	2
51	28	87
51	87	18
51	93	48
51	19	69
51	88	94
51	38	37
51	80	67
51	26	94
51	88	33
51	46	76
51	14	94
52	54	22
52	74	25
52	50	71
52	46	77
52	71	68
52	84	28
52	87	88
52	70	93
52	39	94
52	40	70
52	82	91
52	3	67
52	74	99
52	55	88
52	20	79
52	51	82
52	62	26
52	46	29
52	36	76
52	95	32
52	38	63
52	95	30
52	85	49
52	70	76
52	69	73
52	43	39
52	80	75
52	13	85
52	37	14
52	90	39
52	61	43
52	29	56
52	65	81
52	90	95
52	84	85
52	48	54
52	33	91
52	25	70
52	66	28
52	22	54
52	70	46
52	94	44
52	25	83
52	33	35
52	45	73
52	2	84
52	94	52
52	1	80
52	97	87
52	69	98
52	95	85
52	82	58
52	33	50
52	56	98
52	68	31
52	84	33
52	90	40
52	89	4
52	52	38
52	55	90
52	72	24
52	58	64
52	30	84
52	44	96
52	61	59
52	44	56
52	53	76
52	32	88
52	43	72
52	22	36
52	14	80
52	95	51
52	16	30
52	1	86
52	40	99
52	76	88
52	58	14
52	33	80
52	74	52
52	78	80
52	81	29
52	82	64
52	58	92
52	66	57
52	80	35
52	66	89
52	66	22
52	72	54
52	85	65
52	64	41
52	87	71
52	33	98
52	24	81
52	49	77
52	22	84
52	12	63
52	70	88
53	56	24
53	30	27
53	63	96
53	32	85
53	24	88
53	40	73
53	49	77
53	81	91
53	58	52
53	66	59
53	84	42
53	44	99
53	59	93
53	39	83
53	36	82
53	36	78
53	45	74
53	54	70
53	87	48
53	88	92
53	33	52
53	72	32
53	60	80
53	48	49
53	94	61
53	65	46
53	76	96
53	97	82
53	39	43
53	11	69
53	63	54
53	94	63
53	51	81
53	82	63
53	73	51
53	30	93
53	49	88
53	36	48
53	36	41
53	1	24
53	81	28
53	97	66
53	7	38
53	83	47
53	18	91
53	96	87
53	88	87
53	93	35
53	84	63
53	48	36
53	38	52
53	31	38
53	84	17
53	59	81
53	77	7
53	67	16
53	23	81
53	88	30
53	94	51
53	86	97
53	91	32
53	60	35
53	48	15
53	34	79
53	82	73
53	88	54
53	59	86
53	75	95
53	96	82
53	73	68
53	58	80
53	83	72
53	36	72
53	11	76
53	38	86
53	8	83
53	92	56
53	85	56
53	73	78
53	94	88
53	80	65
53	63	55
53	28	61
53	41	45
53	25	74
53	14	81
53	66	85
53	15	40
53	55	82
53	46	63
53	63	75
53	20	53
53	21	42
53	50	21
53	91	36
53	83	39
53	92	97
53	78	16
53	49	51
54	99	69
54	73	69
54	65	86
54	95	69
54	76	18
54	63	49
54	41	27
54	46	78
54	34	60
54	23	83
54	80	92
54	91	11
54	82	44
54	71	48
54	98	3
54	36	82
54	38	91
54	98	4
54	33	99
54	37	32
54	68	53
54	89	66
54	26	33
54	90	23
54	32	29
54	72	5
54	85	75
54	71	1
54	60	82
54	16	94
54	69	14
54	80	66
54	19	97
54	38	92
54	48	57
54	60	42
54	69	88
54	54	94
54	47	55
54	63	26
54	46	75
54	94	72
54	99	17
54	39	88
54	25	34
54	32	49
54	96	92
54	18	39
54	45	76
54	92	54
54	24	37
54	50	39
54	33	18
54	71	68
54	45	94
54	61	94
54	42	81
54	87	50
54	19	72
54	29	25
54	49	58
54	55	39
54	35	92
54	19	49
54	51	20
54	33	84
54	57	71
54	65	91
54	57	48
54	87	46
54	50	59
54	70	75
54	5	72
54	61	15
54	55	51
54	16	23
54	48	59
54	43	5
54	36	84
54	16	82
54	41	53
54	17	54
54	93	40
54	40	64
54	45	8
54	81	74
54	88	38
54	22	86
54	83	82
54	93	72
54	92	51
54	44	39
54	16	40
54	50	68
54	77	53
54	85	23
54	48	90
54	61	29
54	94	89
55	18	66
55	84	88
55	63	99
55	44	76
55	39	63
55	29	69
55	33	96
55	96	8
55	68	23
55	52	59
55	31	95
55	4	99
55	57	62
55	30	67
55	76	23
55	52	14
55	45	80
55	75	55
55	77	23
55	90	26
55	81	57
55	52	54
55	64	75
55	73	58
55	33	48
55	49	35
55	83	56
55	19	87
55	49	51
55	96	40
55	38	53
55	36	93
55	35	38
55	79	62
55	13	71
55	53	43
55	23	22
55	69	44
55	0	85
55	14	81
55	39	88
55	38	56
55	46	49
55	42	76
55	40	96
55	42	71
55	85	11
55	47	49
55	2	83
55	57	33
55	19	99
55	93	8
55	62	67
55	99	21
55	63	36
55	63	48
55	84	65
55	63	46
55	0	60
55	39	98
55	57	91
55	60	79
55	29	89
55	13	91
55	35	90
55	71	45
55	58	83
55	52	79
55	68	72
55	49	47
55	10	81
55	23	99
55	92	56
55	64	51
55	48	80
55	19	68
55	84	79
55	14	93
55	32	45
55	46	33
55	87	23
55	99	91
55	28	67
55	48	34
55	41	30
55	40	29
55	19	61
55	53	87
55	75	88
55	54	75
55	91	34
55	79	69
55	13	27
55	51	79
55	53	99
55	71	73
55	45	52
55	21	64
55	26	68
56	60	65
56	6	55
56	20	76
56	61	59
56	81	90
56	77	84
56	41	78
56	84	30
56	77	50
56	96	50
56	94	39
56	98	62
56	7	81
56	98	40
56	94	34
56	17	64
56	88	16
56	48	26
56	50	43
56	0	98
56	36	18
56	89	39
56	14	40
56	17	59
56	56	64
56	18	72
56	20	43
56	45	74
56	65	42
56	60	98
56	40	26
56	43	76
56	18	36
56	94	97
56	48	25
56	80	88
56	18	86
56	10	53
56	52	83
56	12	92
56	86	99
56	70	89
56	50	77
56	52	76
56	42	24
56	37	87
56	8	84
56	88	62
56	50	82
56	36	91
56	68	33
56	83	27
56	98	59
56	75	4
56	36	96
56	13	99
56	48	72
56	39	18
56	0	99
56	87	55
56	31	9
56	51	66
56	43	70
56	69	42
56	90	17
56	86	97
56	19	98
56	50	21
56	23	57
56	90	99
56	49	84
56	50	52
56	82	67
56	94	19
56	89	70
56	75	61
56	25	58
56	46	50
56	69	51
56	40	73
56	80	18
56	73	93
56	26	63
56	52	13
56	70	68
56	79	75
56	62	66
56	81	49
56	56	21
56	43	66
56	31	98
56	65	72
56	21	65
56	7	65
56	77	55
56	53	44
56	64	13
56	91	30
56	42	82
57	67	56
57	28	74
57	68	66
57	95	55
57	90	61
57	58	61
57	62	66
57	71	87
57	77	80
57	80	58
57	33	42
57	7	62
57	85	30
57	96	93
57	20	95
57	97	42
57	24	80
57	53	92
57	70	23
57	39	67
57	45	13
57	45	47
57	97	49
57	65	49
57	69	17
57	87	73
57	87	77
57	61	98
57	71	99
57	34	89
57	72	34
57	6	54
57	90	28
57	64	33
57	90	56
57	56	41
57	19	38
57	66	38
57	70	21
57	96	59
57	75	97
57	22	76
57	56	79
57	54	81
57	67	29
57	42	99
57	70	20
57	74	98
57	57	46
57	86	93
57	98	75
57	85	60
57	89	23
57	54	60
57	90	30
57	96	97
57	26	67
57	61	32
57	27	64
57	93	51
57	56	98
57	45	95
57	79	92
57	14	53
57	98	76
57	30	39
57	51	71
57	66	46
57	77	95
57	47	39
57	76	22
57	62	52
57	76	92
57	42	66
57	32	30
57	37	93
57	64	73
57	59	87
57	96	95
57	52	78
57	26	65
57	34	59
57	17	33
57	62	64
57	29	93
57	46	89
57	60	20
57	10	92
57	92	59
57	63	92
57	40	59
57	36	83
57	37	83
57	94	58
57	35	77
57	68	92
57	76	57
57	30	32
57	66	14
57	78	52
58	78	89
58	77	74
58	76	83
58	67	4
58	86	6
58	80	99
58	98	54
58	14	92
58	71	60
58	60	85
58	70	5
58	96	97
58	30	78
58	72	39
58	90	10
58	73	48
58	9	99
58	21	92
58	45	95
58	76	98
58	86	87
58	47	94
58	74	93
58	55	21
58	65	4
58	72	45
58	60	57
58	50	97
58	87	63
58	89	63
58	24	87
58	28	20
58	59	98
58	29	44
58	87	86
58	39	72
58	17	20
58	91	17
58	75	44
58	82	84
58	32	97
58	5	58
58	84	89
58	52	33
58	70	45
58	55	61
58	70	22
58	35	45
58	78	45
58	95	63
58	42	40
58	72	20
58	16	67
58	71	67
58	49	60
58	39	91
58	13	90
58	39	63
58	82	87
58	78	82
58	73	20
58	61	4
58	92	62
58	72	67
58	91	80
58	28	80
58	97	89
58	23	91
58	80	57
58	94	56
58	89	16
58	70	20
58	17	61
58	93	86
58	20	16
58	94	26
58	52	91
58	73	61
58	18	86
58	82	58
58	19	48
58	99	95
58	82	50
58	39	76
58	42	88
58	94	1
58	53	98
58	38	15
58	80	64
58	22	60
58	41	69
58	27	98
58	99	63
58	66	82
58	64	32
58	40	81
58	35	71
58	98	39
58	53	92
59	69	96
59	83	31
59	30	72
59	94	4
59	77	45
59	66	26
59	83	46
59	85	80
59	20	79
59	80	3
59	26	60
59	12	97
59	95	46
59	14	88
59	90	76
59	87	79
59	92	57
59	72	60
59	1	72
59	22	78
59	96	85
59	50	98
59	37	80
59	95	70
59	84	82
59	42	25
59	87	25
59	78	84
59	49	99
59	34	82
59	34	67
59	82	86
59	46	39
59	81	88
59	44	92
59	77	34
59	76	29
59	76	81
59	98	96
59	81	46
59	70	19
59	35	49
59	66	78
59	12	39
59	72	35
59	76	92
59	5	89
59	74	23
59	16	34
59	47	10
59	92	83
59	39	72
59	73	88
59	59	71
59	93	85
59	61	13
59	85	64
59	90	67
59	93	12
59	0	35
59	10	94
59	4	81
59	27	93
59	40	75
59	83	82
59	61	93
59	73	94
59	82	81
59	79	47
59	77	55
59	87	32
59	28	98
59	25	72
59	39	37
59	58	92
59	65	41
59	70	22
59	33	75
59	85	69
59	89	79
59	34	12
59	78	94
59	67	44
59	73	7
59	52	40
59	45	34
59	55	60
59	97	55
59	49	44
59	23	78
59	99	84
59	42	34
59	98	43
59	91	39
59	45	6
59	25	77
59	62	73
60	29	19
60	71	92
60	77	47
60	58	32
60	0	91
60	45	99
60	94	39
60	94	57
60	42	94
60	58	98
60	49	75
60	79	58
60	75	67
60	15	54
60	84	77
60	57	75
60	92	72
60	93	8
60	86	40
60	49	76
60	95	85
60	47	39
60	45	40
60	98	80
60	67	52
60	67	87
60	55	63
60	5	54
60	7	44
60	40	85
60	60	77
60	65	15
60	92	79
60	79	62
60	79	93
60	85	40
60	58	22
60	80	95
60	84	56
60	65	80
60	90	42
60	19	79
60	69	44
60	67	97
60	63	35
60	67	79
60	45	72
60	96	55
60	35	65
60	56	69
60	55	23
60	86	30
60	41	75
60	19	25
60	72	80
60	52	61
60	44	50
60	70	58
60	48	55
60	94	72
60	93	13
60	61	79
60	86	48
60	99	0
60	74	82
60	80	97
60	24	74
60	46	96
60	99	94
60	93	47
60	33	81
60	34	76
60	95	18
60	69	76
60	26	44
60	41	15
60	28	83
60	97	24
60	33	44
60	29	14
60	71	93
60	64	68
60	83	21
60	44	70
60	62	11
60	37	57
60	44	87
60	28	66
60	59	77
60	7	94
60	97	87
60	91	95
60	81	63
60	44	74
60	52	93
60	55	0
60	52	40
60	49	61
60	19	78
61	94	11
61	58	71
61	66	73
61	50	99
61	98	69
61	52	41
61	39	48
61	53	19
61	77	85
61	15	24
61	82	69
61	29	42
61	96	27
61	93	85
61	34	49
61	64	31
61	85	41
61	92	27
61	51	69
61	32	63
61	9	70
61	97	42
61	63	85
61	79	81
61	30	68
61	40	97
61	21	73
61	98	79
61	0	88
61	47	50
61	24	94
61	41	59
61	76	63
61	92	69
61	60	90
61	64	94
61	59	25
61	61	71
61	37	83
61	90	19
61	56	97
61	65	48
61	51	21
61	97	72
61	79	76
61	51	35
61	78	6
61	55	85
61	64	58
61	21	65
61	60	59
61	98	77
61	52	13
61	53	42
61	99	29
61	95	62
61	70	19
61	32	97
61	51	83
61	26	15
61	86	41
61	19	53
61	3	84
61	28	43
61	20	87
61	15	33
61	96	62
61	92	55
61	88	23
61	87	40
61	52	94
61	38	68
61	72	54
61	27	76
61	29	32
61	70	76
61	53	96
61	73	64
61	65	56
61	6	29
61	63	47
61	87	58
61	94	51
61	78	18
61	55	38
61	43	88
61	20	46
61	49	61
61	83	43
61	69	73
61	79	22
61	92	7
61	80	95
61	71	85
61	74	76
61	39	62
61	65	66
61	38	76
62	81	33
62	58	89
62	38	41
62	90	37
62	59	64
62	38	83
62	29	63
62	43	72
62	54	41
62	90	95
62	43	69
62	70	25
62	19	94
62	55	37
62	28	46
62	91	95
62	59	28
62	72	25
62	66	51
62	15	80
62	54	8
62	84	87
62	93	34
62	23	43
62	82	92
62	87	83
62	89	67
62	80	9
62	27	85
62	86	89
62	94	26
62	14	63
62	29	68
62	51	91
62	53	98
62	13	82
62	69	43
62	14	27
62	91	60
62	63	53
62	57	86
62	63	61
62	82	78
62	68	0
62	27	14
62	19	28
62	20	28
62	73	71
62	48	87
62	77	67
62	97	98
62	28	44
62	80	90
62	25	88
62	81	62
62	60	53
62	73	27
62	14	92
62	57	83
62	87	58
62	95	68
62	91	23
62	30	82
62	63	97
62	63	36
62	32	51
62	62	37
62	92	49
62	87	13
62	64	70
62	81	80
62	10	89
62	64	80
62	48	95
62	35	54
62	35	20
62	80	8
62	76	84
62	18	72
62	98	57
62	81	22
62	49	55
62	87	8
62	51	42
62	82	88
62	74	99
62	76	33
62	37	51
62	67	39
62	0	40
62	97	72
62	73	90
62	55	43
62	60	38
62	47	30
62	49	92
62	55	81
62	87	70
62	88	25
63	87	21
63	21	42
63	61	73
63	64	37
63	44	88
63	30	87
63	94	20
63	59	80
63	92	60
63	86	68
63	96	78
63	68	61
63	54	27
63	82	57
63	80	94
63	78	88
63	97	35
63	27	99
63	51	22
63	14	99
63	92	34
63	89	80
63	34	16
63	61	80
63	49	13
63	16	92
63	81	49
63	82	41
63	23	92
63	22	99
63	71	36
63	65	96
63	66	39
63	49	93
63	88	80
63	58	84
63	45	8
63	50	19
63	30	92
63	32	2
63	44	37
63	79	1
63	34	14
63	92	91
63	77	63
63	5	66
63	37	28
63	0	59
63	24	59
63	82	74
63	59	73
63	92	52
63	52	86
63	18	47
63	96	65
63	59	71
63	77	76
63	90	64
63	97	14
63	60	20
63	20	80
63	68	15
63	18	65
63	82	39
63	8	70
63	20	96
63	96	85
63	76	74
63	60	38
63	45	43
63	35	52
63	79	98
63	49	53
63	93	52
63	44	73
63	25	93
63	69	23
63	56	75
63	66	61
63	45	23
63	60	55
63	96	72
63	29	52
63	65	18
63	15	96
63	66	99
63	94	51
63	62	66
63	92	82
63	63	24
63	83	89
63	56	60
63	79	90
63	55	32
63	86	69
63	96	1
63	57	94
64	75	81
64	89	62
64	36	96
64	36	8
64	94	99
64	51	73
64	87	98
64	89	95
64	60	11
64	47	76
64	23	87
64	92	66
64	78	59
64	80	29
64	45	97
64	44	68
64	98	76
64	65	1
64	12	46
64	39	80
64	87	63
64	87	47
64	80	57
64	32	76
64	51	82
64	78	33
64	86	46
64	45	89
64	74	73
64	76	22
64	91	92
64	92	77
64	70	83
64	11	61
64	83	13
64	22	78
64	53	24
64	37	72
64	30	17
64	67	74
64	75	96
64	65	28
64	43	48
64	64	69
64	92	40
64	76	24
64	71	57
64	63	81
64	92	67
64	63	87
64	95	44
64	18	63
64	89	10
64	28	60
64	50	89
64	91	39
64	81	58
64	80	99
64	46	61
64	22	55
64	41	27
64	82	62
64	91	31
64	83	37
64	72	2
64	31	38
64	90	67
64	31	97
64	36	61
64	71	62
64	63	52
64	1	84
64	80	10
64	66	9
64	94	19
64	99	2
64	31	60
64	56	37
64	60	83
64	83	67
64	71	53
64	18	61
64	42	76
64	67	81
64	66	48
64	93	60
64	19	41
64	81	85
64	88	89
64	62	79
64	21	83
64	54	59
64	22	83
64	99	31
64	8	95
64	46	47
64	21	91
64	54	67
64	72	64
64	85	64
65	48	42
65	50	55
65	77	72
65	96	64
65	31	63
65	95	87
65	13	87
65	73	54
65	78	75
65	53	74
65	93	1
65	9	43
65	9	52
65	0	73
65	56	38
65	81	32
65	45	41
65	42	29
65	98	62
65	73	32
65	73	70
65	75	62
65	91	88
65	40	17
65	68	49
65	91	63
65	95	56
65	72	95
65	70	73
65	99	41
65	28	97
65	36	88
65	61	59
65	15	39
65	99	85
65	95	86
65	63	89
65	58	14
65	91	36
65	24	95
65	78	69
65	26	56
65	71	87
65	17	49
65	37	43
65	77	86
65	97	57
65	54	41
65	32	66
65	72	52
65	54	69
65	46	71
65	76	39
65	99	77
65	59	65
65	32	80
65	35	84
65	94	82
65	93	32
65	58	63
65	79	80
65	49	96
65	29	47
65	51	80
65	97	62
65	70	18
65	14	85
65	57	12
65	41	93
65	95	24
65	99	45
65	53	82
65	84	62
65	69	56
65	92	13
65	6	73
65	97	78
65	88	49
65	85	53
65	70	55
65	76	59
65	52	48
65	33	27
65	86	63
65	39	90
65	99	11
65	52	97
65	15	57
65	81	99
65	66	43
65	67	97
65	61	28
65	61	63
65	52	57
65	45	72
65	91	84
65	80	59
66	19	71
66	56	46
66	31	75
66	63	46
66	91	64
66	25	20
66	65	64
66	42	55
66	73	25
66	81	10
66	84	70
66	42	96
66	85	31
66	71	76
66	45	51
66	48	75
66	23	90
66	60	15
66	67	39
66	63	31
66	15	87
66	99	98
66	20	85
66	18	93
66	60	46
66	95	97
66	32	54
66	68	34
66	57	49
66	65	25
66	13	91
66	41	60
66	88	6
66	79	17
66	39	66
66	23	84
66	64	61
66	86	33
66	26	15
66	76	99
66	54	90
66	88	55
66	97	80
66	45	81
66	84	98
66	38	37
66	36	23
66	31	98
66	66	57
66	64	21
66	82	31
66	88	74
66	30	8
66	94	12
66	85	12
66	45	40
66	20	33
66	60	91
66	36	68
66	33	20
66	94	11
66	49	89
66	84	59
66	86	87
66	99	55
66	65	98
66	63	1
66	18	72
66	37	86
66	82	74
66	31	58
66	43	47
66	51	6
66	47	98
66	94	67
66	87	64
66	94	40
66	96	72
66	85	76
66	75	79
66	72	74
66	76	30
66	79	21
66	74	55
66	91	94
66	34	97
66	14	84
66	92	27
66	34	56
66	99	74
66	92	68
66	78	75
66	68	51
66	39	88
66	16	57
66	73	65
66	41	78
66	27	75
67	52	37
67	71	38
67	63	44
67	76	39
67	33	16
67	65	74
67	42	64
67	51	46
67	80	45
67	33	30
67	76	72
67	16	72
67	20	75
67	53	93
67	53	91
67	83	53
67	41	97
67	62	48
67	95	59
67	59	2
67	39	95
67	86	84
67	58	72
67	69	15
67	57	53
67	82	7
67	73	68
67	33	88
67	71	7
67	56	80
67	54	62
67	40	99
67	63	86
67	74	13
67	77	83
67	40	93
67	4	75
67	49	79
67	41	51
67	64	80
67	99	89
67	32	47
67	13	95
67	90	17
67	93	46
67	70	33
67	80	18
67	69	45
67	17	64
67	73	80
67	97	27
67	41	62
67	33	49
67	92	28
67	46	83
67	95	79
67	21	50
67	61	44
67	41	48
67	76	99
67	59	10
67	89	7
67	32	88
67	60	65
67	62	70
67	88	29
67	89	83
67	99	45
67	49	40
67	73	33
67	81	78
67	94	93
67	90	68
67	73	43
67	74	91
67	46	95
67	6	73
67	86	63
67	53	49
67	51	73
67	46	89
67	7	61
67	39	51
67	70	47
67	33	81
67	58	66
67	99	52
67	56	19
67	53	92
67	73	59
67	83	17
67	66	49
67	49	72
67	21	54
67	22	46
67	80	36
67	96	65
67	37	19
67	67	26
68	49	47
68	97	74
68	94	78
68	65	95
68	94	97
68	98	35
68	55	64
68	87	99
68	86	37
68	93	65
68	30	26
68	32	96
68	37	64
68	12	95
68	75	47
68	52	88
68	94	73
68	96	28
68	14	88
68	47	43
68	77	66
68	97	62
68	40	64
68	41	68
68	80	29
68	50	20
68	41	48
68	61	18
68	81	31
68	18	19
68	88	44
68	61	83
68	15	69
68	88	8
68	31	96
68	23	85
68	58	99
68	17	53
68	26	95
68	70	99
68	68	14
68	85	90
68	95	57
68	73	37
68	97	59
68	53	42
68	66	81
68	82	42
68	61	82
68	84	56
68	37	83
68	51	4
68	95	86
68	99	81
68	86	45
68	40	34
68	66	32
68	47	99
68	89	86
68	60	72
68	48	43
68	66	30
68	90	58
68	47	74
68	98	0
68	98	56
68	30	67
68	91	87
68	96	65
68	57	19
68	35	89
68	83	76
68	38	86
68	19	88
68	48	15
68	31	17
68	7	87
68	41	47
68	52	41
68	65	45
68	73	72
68	25	16
68	54	69
68	69	54
68	85	10
68	27	95
68	81	91
68	26	62
68	41	73
68	77	85
68	97	17
68	52	60
68	4	92
68	94	2
68	60	50
68	82	89
68	99	72
68	70	21
68	75	94
69	71	88
69	79	96
69	25	76
69	34	44
69	81	10
69	70	54
69	40	77
69	19	80
69	76	52
69	71	93
69	54	88
69	51	61
69	61	11
69	27	64
69	19	64
69	38	75
69	39	78
69	97	79
69	64	40
69	69	54
69	41	78
69	26	32
69	60	76
69	34	89
69	90	44
69	58	92
69	13	55
69	75	14
69	91	12
69	66	60
69	38	26
69	18	81
69	74	35
69	98	79
69	49	70
69	76	74
69	57	3
69	92	72
69	12	50
69	42	44
69	53	52
69	74	70
69	87	88
69	92	75
69	3	31
69	84	91
69	79	28
69	81	92
69	22	77
69	61	81
69	65	2
69	73	27
69	49	83
69	43	74
69	77	72
69	12	51
69	70	40
69	72	97
69	75	27
69	39	30
69	28	89
69	82	7
69	84	75
69	98	53
69	32	73
69	77	49
69	77	40
69	80	79
69	69	87
69	53	13
69	73	55
69	77	19
69	50	36
69	77	67
69	49	75
69	58	28
69	76	34
69	40	99
69	90	45
69	60	29
69	53	59
69	13	63
69	98	85
69	11	60
69	0	82
69	86	78
69	86	95
69	49	85
69	13	48
69	74	96
69	54	45
69	52	29
69	50	7
69	59	71
69	75	26
69	82	49
69	72	83
69	85	30
69	31	50
70	91	43
70	23	94
70	77	34
70	81	13
70	55	36
70	42	32
70	47	95
70	22	79
70	91	60
70	93	85
70	74	99
70	93	91
70	77	64
70	67	35
70	62	70
70	83	57
70	59	58
70	68	28
70	27	10
70	43	81
70	14	54
70	75	53
70	97	13
70	14	52
70	96	69
70	22	95
70	43	24
70	54	61
70	44	73
70	59	97
70	85	63
70	18	52
70	64	55
70	67	60
70	89	97
70	70	51
70	67	91
70	53	55
70	76	12
70	67	43
70	90	93
70	98	49
70	89	46
70	40	71
70	89	18
70	80	77
70	64	92
70	33	89
70	32	72
70	63	45
70	37	93
70	29	97
70	38	26
70	69	11
70	25	82
70	59	88
70	62	99
70	94	41
70	55	54
70	60	38
70	93	47
70	38	41
70	84	47
70	63	37
70	55	94
70	52	41
70	10	64
70	66	68
70	92	57
70	19	90
70	73	96
70	61	37
70	26	96
70	57	12
70	61	57
70	64	36
70	73	43
70	62	65
70	84	14
70	73	56
70	56	55
70	43	95
70	60	24
70	56	39
70	99	49
70	94	45
70	68	97
70	74	37
70	81	25
70	86	38
70	8	97
70	7	30
70	62	95
70	95	70
70	86	79
70	55	68
70	54	71
70	60	70
70	56	25
71	93	56
71	84	22
71	33	85
71	78	45
71	40	11
71	3	71
71	90	47
71	57	29
71	82	99
71	81	46
71	71	45
71	70	65
71	93	48
71	92	43
71	26	90
71	76	32
71	72	40
71	98	6
71	66	34
71	76	89
71	96	89
71	90	24
71	69	71
71	88	70
71	28	58
71	85	54
71	45	92
71	57	42
71	53	54
71	65	14
71	48	63
71	65	26
71	40	48
71	31	10
71	14	71
71	66	50
71	83	99
71	91	51
71	79	94
71	94	74
71	60	27
71	68	25
71	63	51
71	19	29
71	54	46
71	73	49
71	76	22
71	1	66
71	45	82
71	53	26
71	64	83
71	61	73
71	7	84
71	54	51
71	99	23
71	63	5
71	25	75
71	88	50
71	64	75
71	19	62
71	78	67
71	30	33
71	92	22
71	33	52
71	63	85
71	25	29
71	91	71
71	66	25
71	94	43
71	64	44
71	79	23
71	45	46
71	76	91
71	68	41
71	45	89
71	16	79
71	99	35
71	65	37
71	56	99
71	43	77
71	61	83
71	62	64
71	60	55
71	83	81
71	31	17
71	97	71
71	36	63
71	27	57
71	74	33
71	49	32
71	91	41
71	78	82
71	37	53
71	68	79
71	45	47
71	5	87
71	94	68
71	46	15
72	15	81
72	62	27
72	70	71
72	61	83
72	34	48
72	31	72
72	61	94
72	30	83
72	91	74
72	86	80
72	26	96
72	45	82
72	91	35
72	90	66
72	10	64
72	99	33
72	99	22
72	35	31
72	73	28
72	96	64
72	18	79
72	64	80
72	82	66
72	61	25
72	87	49
72	85	50
72	69	90
72	98	61
72	61	0
72	63	88
72	96	99
72	81	20
72	91	83
72	40	59
72	88	25
72	90	70
72	75	28
72	23	37
72	3	62
72	29	31
72	57	46
72	76	49
72	26	59
72	55	56
72	98	68
72	51	12
72	96	8
72	73	65
72	30	60
72	89	78
72	6	43
72	40	75
72	72	57
72	16	96
72	86	61
72	89	99
72	62	35
72	27	97
72	94	89
72	15	26
72	72	88
72	91	80
72	81	94
72	77	73
72	67	61
72	57	74
72	13	61
72	43	80
72	22	11
72	68	69
72	91	92
72	72	75
72	99	55
72	10	70
72	98	96
72	55	89
72	59	40
72	56	11
72	48	43
72	72	95
72	96	13
72	39	61
72	62	37
72	22	45
72	96	36
72	40	94
72	90	6
72	18	61
72	78	66
72	6	90
72	53	40
72	2	78
72	2	41
72	55	91
72	47	99
72	46	48
72	74	98
72	88	55
72	50	32
73	85	75
73	72	49
73	25	91
73	23	78
73	45	77
73	76	86
73	64	15
73	64	46
73	69	34
73	69	71
73	76	82
73	78	94
73	81	90
73	79	92
73	54	78
73	74	13
73	14	63
73	46	94
73	67	41
73	58	68
73	61	71
73	98	61
73	55	88
73	83	81
73	99	3
73	31	64
73	97	91
73	66	83
73	90	75
73	85	55
73	73	88
73	54	79
73	56	72
73	76	67
73	35	88
73	95	81
73	65	77
73	34	81
73	24	65
73	0	88
73	95	80
73	87	63
73	98	55
73	88	92
73	11	80
73	53	97
73	87	51
73	38	69
73	24	95
73	32	18
73	69	19
73	37	9
73	5	91
73	78	45
73	29	80
73	11	63
73	34	64
73	73	40
73	49	81
73	11	92
73	24	69
73	97	80
73	83	56
73	89	72
73	65	84
73	79	74
73	75	78
73	74	8
73	52	96
73	51	91
73	62	71
73	28	44
73	3	81
73	50	57
73	83	51
73	99	15
73	25	14
73	39	37
73	94	35
73	52	90
73	90	62
73	78	42
73	61	56
73	35	84
73	36	70
73	50	99
73	23	55
73	49	40
73	86	85
73	85	22
73	89	69
73	97	38
73	58	74
73	55	73
73	56	14
73	77	30
73	86	59
73	53	76
74	42	97
74	96	87
74	65	52
74	29	66
74	22	60
74	94	90
74	77	73
74	54	41
74	70	83
74	56	91
74	88	61
74	21	81
74	85	59
74	24	75
74	98	62
74	92	88
74	39	68
74	63	24
74	66	78
74	24	22
74	78	12
74	93	56
74	39	48
74	27	64
74	53	97
74	97	68
74	37	54
74	22	83
74	7	73
74	63	25
74	81	94
74	41	27
74	29	38
74	95	99
74	77	50
74	10	97
74	43	27
74	71	72
74	14	69
74	34	87
74	72	89
74	70	86
74	94	70
74	98	97
74	26	84
74	89	98
74	86	59
74	36	57
74	52	88
74	66	86
74	71	40
74	81	76
74	76	28
74	63	62
74	48	17
74	54	86
74	84	69
74	33	81
74	97	63
74	87	59
74	70	81
74	25	34
74	64	59
74	83	63
74	43	26
74	28	76
74	29	40
74	52	72
74	15	33
74	49	91
74	84	86
74	31	27
74	98	73
74	26	85
74	65	55
74	33	53
74	31	87
74	57	91
74	7	33
74	92	22
74	34	30
74	57	89
74	90	67
74	22	49
74	74	72
74	80	55
74	57	88
74	59	53
74	25	52
74	11	86
74	66	3
74	86	82
74	60	43
74	61	70
74	76	95
74	86	4
75	56	74
75	69	52
75	92	56
75	32	79
75	21	31
75	76	56
75	16	52
75	46	52
75	57	55
75	26	14
75	4	64
75	63	39
75	57	54
75	45	73
75	75	98
75	57	67
75	73	51
75	49	28
75	26	96
75	91	51
75	70	4
75	47	77
75	27	97
75	5	81
75	80	56
75	68	33
75	96	38
75	3	99
75	99	51
75	80	87
75	60	42
75	40	32
75	88	93
75	39	87
75	28	79
75	45	29
75	73	68
75	78	50
75	71	9
75	53	71
75	54	93
75	48	41
75	84	71
75	85	39
75	98	29
75	72	20
75	39	66
75	15	72
75	36	76
75	62	21
75	29	38
75	45	74
75	97	45
75	25	56
75	77	4
75	90	95
75	15	85
75	86	63
75	4	72
75	66	75
75	97	46
75	64	69
75	63	9
75	69	86
75	67	38
75	86	92
75	76	29
75	21	37
75	79	81
75	59	31
75	32	77
75	26	81
75	68	46
75	27	4
75	68	76
75	46	69
75	24	76
75	27	49
75	98	57
75	76	70
75	57	85
75	40	57
75	96	46
75	79	96
75	95	75
75	30	95
75	35	72
75	77	48
75	36	13
75	92	18
75	68	86
75	25	96
75	94	15
75	99	77
75	86	54
75	57	69
75	25	45
76	90	54
76	26	95
76	86	10
76	0	96
76	39	92
76	81	95
76	38	54
76	38	83
76	84	81
76	63	62
76	62	34
76	85	73
76	77	5
76	91	84
76	67	34
76	54	82
76	97	67
76	41	57
76	50	34
76	11	55
76	80	88
76	74	67
76	59	1
76	93	86
76	46	50
76	60	98
76	36	55
76	56	87
76	90	67
76	54	86
76	33	22
76	87	52
76	58	18
76	69	1
76	98	53
76	90	75
76	92	9
76	28	36
76	62	57
76	81	1
76	13	38
76	40	90
76	60	1
76	90	24
76	86	96
76	17	56
76	66	95
76	51	69
76	17	78
76	92	66
76	9	33
76	11	82
76	67	39
76	78	59
76	14	35
76	72	85
76	36	47
76	98	64
76	90	87
76	52	68
76	31	86
76	42	87
76	83	20
76	10	95
76	22	64
76	70	43
76	0	80
76	24	88
76	14	52
76	86	60
76	18	52
76	81	70
76	60	28
76	30	98
76	38	92
76	30	55
76	67	61
76	72	35
76	56	6
76	59	70
76	94	43
76	87	90
76	60	27
76	95	58
76	99	72
76	58	56
76	70	20
76	28	92
76	14	81
76	60	19
76	73	79
76	98	36
76	89	83
76	16	63
76	95	54
76	41	38
76	63	26
76	45	85
76	1	91
77	73	44
77	66	76
77	27	36
77	69	65
77	87	55
77	60	94
77	43	9
77	79	39
77	88	48
77	96	98
77	77	59
77	53	23
77	45	49
77	27	91
77	11	64
77	64	4
77	97	72
77	55	53
77	0	86
77	97	90
77	81	26
77	27	17
77	75	28
77	0	90
77	74	49
77	92	65
77	81	56
77	49	86
77	81	11
77	71	55
77	57	95
77	68	65
77	53	75
77	92	84
77	46	60
77	92	83
77	3	63
77	88	75
77	55	92
77	79	93
77	27	57
77	24	64
77	40	3
77	63	72
77	52	98
77	34	23
77	69	21
77	18	85
77	80	98
77	70	67
77	57	96
77	81	40
77	98	35
77	5	88
77	35	21
77	87	20
77	44	22
77	4	94
77	20	91
77	68	61
77	58	73
77	80	17
77	42	82
77	34	62
77	96	88
77	61	89
77	98	41
77	29	91
77	52	6
77	86	95
77	13	44
77	98	62
77	29	86
77	62	26
77	63	96
77	94	64
77	64	42
77	34	75
77	89	39
77	34	89
77	18	72
77	36	38
77	63	30
77	0	67
77	90	87
77	89	90
77	76	58
77	91	49
77	44	65
77	75	90
77	99	85
77	55	73
77	65	31
77	63	24
77	43	95
77	85	18
77	88	45
77	33	23
78	71	94
78	27	63
78	38	36
78	70	85
78	5	39
78	68	59
78	87	94
78	70	96
78	92	23
78	28	22
78	92	93
78	18	78
78	72	40
78	88	97
78	87	31
78	63	57
78	85	31
78	22	67
78	82	41
78	15	99
78	83	90
78	54	63
78	54	81
78	2	47
78	92	36
78	62	90
78	25	91
78	79	41
78	88	4
78	88	23
78	18	74
78	90	26
78	51	43
78	62	33
78	69	44
78	44	86
78	78	37
78	90	93
78	65	33
78	98	16
78	29	12
78	39	95
78	17	79
78	67	94
78	67	70
78	86	41
78	82	93
78	74	83
78	22	51
78	65	64
78	71	75
78	64	97
78	13	77
78	24	74
78	95	60
78	56	88
78	8	23
78	63	83
78	64	99
78	92	79
78	18	52
78	47	86
78	50	92
78	23	73
78	51	83
78	16	90
78	69	32
78	70	12
78	58	48
78	82	18
78	81	72
78	57	69
78	90	89
78	27	44
78	80	16
78	82	17
78	83	43
78	96	90
78	85	77
78	98	59
78	63	48
78	37	63
78	83	93
78	92	38
78	91	59
78	78	81
78	28	19
78	53	65
78	29	22
78	81	97
78	10	85
78	83	30
78	40	51
78	94	93
78	11	74
78	40	86
78	61	58
78	77	10
78	63	41
79	95	73
79	33	64
79	84	55
79	61	18
79	64	8
79	69	94
79	32	46
79	95	62
79	24	38
79	75	45
79	92	56
79	46	23
79	94	71
79	9	58
79	85	58
79	59	81
79	58	65
79	62	83
79	91	34
79	0	76
79	75	80
79	85	93
79	85	39
79	73	21
79	87	96
79	95	69
79	23	78
79	40	74
79	97	5
79	22	89
79	63	72
79	97	80
79	95	49
79	98	63
79	33	57
79	42	68
79	93	99
79	90	74
79	76	43
79	19	95
79	91	54
79	89	16
79	83	15
79	35	96
79	54	87
79	27	60
79	93	57
79	66	51
79	82	85
79	78	47
79	65	67
79	16	82
79	77	23
79	16	75
79	78	72
79	89	38
79	69	89
79	31	82
79	38	53
79	66	67
79	52	9
79	93	21
79	28	46
79	76	86
79	10	97
79	30	78
79	74	95
79	63	54
79	93	89
79	74	38
79	95	21
79	61	70
79	36	50
79	62	68
79	67	73
79	42	75
79	78	89
79	67	15
79	59	23
79	29	56
79	72	52
79	2	78
79	61	83
79	18	17
79	92	86
79	98	80
79	4	92
79	85	99
79	17	96
79	98	42
79	55	47
79	73	80
79	85	74
79	84	81
79	79	0
79	62	34
79	68	39
79	29	60
79	35	76
79	99	67
80	47	78
80	76	95
80	13	60
80	55	25
80	43	89
80	67	93
80	66	51
80	92	61
80	69	64
80	75	18
80	80	45
80	99	25
80	60	29
80	25	96
80	94	18
80	59	28
80	90	94
80	80	57
80	72	52
80	56	71
80	86	46
80	77	99
80	96	38
80	76	36
80	4	57
80	50	21
80	11	72
80	73	99
80	80	56
80	68	77
80	16	73
80	19	52
80	39	82
80	49	78
80	97	40
80	55	28
80	14	53
80	33	36
80	24	68
80	67	40
80	0	84
80	93	85
80	66	63
80	98	88
80	90	39
80	58	29
80	56	90
80	73	31
80	73	93
80	69	39
80	60	91
80	29	84
80	81	6
80	90	50
80	87	8
80	81	46
80	0	52
80	40	82
80	73	91
80	91	55
80	67	7
80	53	98
80	76	60
80	48	97
80	72	14
80	41	79
80	90	42
80	75	73
80	88	96
80	87	68
80	19	87
80	61	84
80	71	61
80	58	40
80	39	83
80	27	54
80	30	49
80	60	81
80	72	4
80	17	56
80	65	98
80	88	46
80	96	74
80	75	90
80	55	72
80	16	49
80	49	12
80	81	73
80	66	74
80	70	35
80	8	59
80	25	55
80	67	84
80	44	25
80	78	45
80	71	26
80	96	49
80	91	13
81	79	59
81	27	42
81	35	39
81	64	45
81	62	55
81	45	84
81	78	73
81	81	13
81	61	87
81	84	42
81	70	54
81	82	50
81	58	13
81	68	88
81	97	51
81	80	32
81	95	86
81	0	55
81	11	97
81	64	99
81	84	59
81	98	48
81	95	0
81	19	79
81	28	99
81	96	24
81	20	37
81	93	8
81	41	70
81	60	59
81	89	66
81	39	91
81	93	68
81	28	90
81	88	77
81	83	85
81	87	57
81	89	68
81	57	50
81	11	90
81	28	77
81	9	92
81	75	15
81	6	88
81	60	29
81	36	90
81	73	91
81	98	47
81	21	69
81	5	92
81	44	57
81	69	16
81	47	83
81	35	90
81	45	46
81	81	87
81	10	37
81	75	56
81	70	95
81	55	75
81	97	83
81	25	78
81	55	42
81	40	87
81	65	70
81	79	25
81	78	16
81	18	59
81	84	40
81	99	48
81	83	7
81	84	44
81	1	44
81	88	6
81	83	62
81	31	80
81	97	37
81	10	52
81	51	50
81	69	45
81	76	86
81	56	97
81	26	61
81	65	91
81	99	34
81	74	96
81	31	89
81	17	55
81	70	94
81	92	88
81	50	37
81	92	90
81	36	58
81	60	81
81	9	91
81	62	65
81	52	6
81	98	84
81	38	48
81	87	56
82	80	79
82	48	41
82	99	88
82	91	45
82	58	7
82	95	15
82	54	84
82	49	28
82	11	83
82	79	86
82	39	25
82	82	77
82	71	26
82	69	96
82	30	20
82	45	81
82	44	37
82	27	39
82	52	63
82	4	86
82	26	34
82	57	83
82	14	82
82	36	69
82	66	32
82	26	73
82	19	90
82	50	89
82	69	46
82	95	92
82	88	95
82	43	95
82	96	39
82	31	22
82	69	41
82	11	74
82	29	63
82	76	38
82	94	52
82	66	85
82	99	28
82	97	47
82	64	58
82	87	84
82	86	57
82	42	69
82	88	81
82	45	87
82	68	71
82	66	73
82	70	97
82	45	36
82	64	57
82	93	26
82	77	84
82	70	52
82	68	55
82	95	66
82	35	41
82	78	64
82	76	79
82	54	85
82	94	60
82	93	78
82	95	68
82	94	29
82	81	24
82	43	97
82	93	84
82	17	73
82	44	72
82	81	46
82	83	52
82	91	39
82	48	67
82	66	50
82	70	50
82	16	66
82	74	37
82	94	21
82	93	82
82	82	72
82	64	75
82	98	99
82	32	66
82	52	70
82	12	96
82	31	60
82	40	73
82	98	71
82	19	69
82	88	94
82	52	99
82	43	73
82	70	19
82	87	45
82	71	96
83	88	36
83	60	78
83	14	80
83	60	75
83	83	5
83	22	75
83	66	49
83	93	85
83	36	60
83	24	99
83	52	92
83	38	89
83	44	71
83	76	98
83	79	49
83	79	75
83	66	30
83	41	94
83	52	78
83	30	73
83	1	87
83	97	32
83	91	29
83	87	86
83	48	58
83	64	59
83	53	74
83	76	39
83	1	94
83	10	88
83	80	33
83	81	76
83	67	38
83	71	84
83	83	73
83	65	66
83	96	89
83	74	35
83	92	91
83	11	88
83	90	30
83	29	61
83	36	98
83	8	76
83	64	82
83	62	60
83	32	80
83	46	99
83	59	20
83	71	14
83	24	89
83	97	25
83	15	86
83	54	86
83	51	72
83	66	84
83	83	77
83	27	73
83	33	27
83	17	77
83	58	93
83	93	25
83	78	84
83	82	57
83	39	59
83	40	71
83	68	1
83	89	21
83	88	45
83	72	86
83	99	56
83	74	59
83	16	20
83	97	99
83	42	75
83	29	51
83	92	39
83	77	82
83	42	38
83	61	99
83	65	28
83	56	41
83	27	61
83	94	35
83	68	39
83	70	61
83	23	82
83	71	37
83	70	26
83	92	69
83	57	55
83	96	26
83	78	52
83	55	43
83	86	82
83	84	74
83	94	61
83	94	76
84	68	42
84	68	17
84	84	61
84	69	55
84	72	91
84	44	61
84	61	53
84	93	36
84	66	57
84	89	18
84	31	81
84	62	67
84	88	64
84	31	90
84	88	41
84	67	29
84	90	94
84	99	95
84	90	40
84	47	52
84	70	73
84	66	5
84	77	52
84	87	20
84	24	97
84	89	13
84	91	21
84	84	25
84	79	33
84	66	78
84	54	96
84	71	37
84	42	18
84	52	78
84	77	64
84	94	76
84	99	74
84	55	42
84	42	68
84	73	40
84	13	67
84	79	74
84	93	52
84	35	75
84	67	76
84	14	93
84	99	85
84	29	4
84	98	73
84	99	29
84	76	54
84	84	89
84	43	22
84	89	43
84	15	26
84	93	2
84	10	83
84	31	49
84	45	79
84	63	39
84	91	72
84	69	79
84	99	81
84	82	72
84	65	62
84	52	39
84	46	48
84	40	55
84	4	57
84	47	20
84	51	60
84	95	64
84	64	76
84	31	87
84	19	45
84	70	86
84	55	15
84	16	24
84	42	79
84	84	4
84	60	29
84	96	63
84	82	42
84	4	29
84	99	90
84	78	91
84	21	50
84	19	99
84	46	27
84	7	66
84	79	69
84	55	93
84	22	43
84	38	97
84	51	15
84	87	16
84	57	58
85	23	38
85	87	92
85	45	55
85	70	83
85	52	63
85	77	24
85	31	76
85	33	13
85	82	83
85	59	98
85	98	85
85	66	24
85	89	49
85	20	30
85	99	65
85	85	76
85	60	28
85	17	96
85	84	99
85	92	67
85	18	80
85	43	41
85	75	48
85	93	17
85	77	59
85	21	78
85	88	13
85	68	87
85	94	19
85	95	30
85	70	91
85	44	53
85	15	68
85	46	83
85	10	77
85	94	71
85	39	68
85	84	43
85	73	97
85	65	61
85	3	30
85	60	48
85	96	57
85	72	43
85	24	67
85	72	29
85	1	76
85	5	99
85	45	61
85	74	60
85	75	51
85	88	43
85	14	84
85	19	74
85	55	43
85	87	91
85	76	3
85	38	65
85	83	47
85	44	59
85	64	40
85	77	75
85	56	72
85	83	37
85	39	50
85	71	63
85	61	96
85	45	59
85	80	97
85	81	46
85	31	44
85	75	44
85	27	76
85	14	76
85	35	70
85	87	70
85	30	8
85	86	90
85	51	80
85	29	77
85	19	53
85	44	69
85	91	99
85	89	2
85	17	25
85	47	88
85	64	26
85	78	99
85	82	93
85	30	61
85	89	20
85	67	58
85	88	40
85	64	81
85	44	34
85	96	20
85	25	61
85	42	88
85	56	33
85	65	68
86	73	7
86	95	47
86	81	99
86	84	45
86	26	80
86	58	50
86	11	45
86	91	51
86	25	84
86	57	18
86	31	61
86	70	99
86	97	86
86	20	91
86	75	18
86	96	3
86	36	57
86	98	79
86	53	55
86	71	52
86	34	89
86	53	97
86	50	3
86	25	39
86	50	22
86	93	3
86	94	26
86	95	58
86	19	92
86	25	76
86	49	57
86	82	79
86	49	50
86	54	63
86	23	85
86	57	31
86	69	79
86	82	94
86	33	41
86	70	57
86	64	60
86	98	73
86	31	21
86	0	37
86	36	20
86	2	67
86	21	24
86	94	39
86	35	20
86	66	67
86	87	98
86	58	89
86	68	32
86	57	60
86	60	0
86	34	95
86	80	34
86	67	52
86	90	75
86	68	65
86	92	66
86	87	84
86	14	73
86	74	98
86	48	49
86	90	49
86	53	60
86	56	74
86	61	37
86	77	47
86	61	63
86	72	95
86	55	29
86	90	39
86	88	65
86	54	81
86	76	18
86	76	88
86	77	90
86	40	95
86	52	89
86	67	77
86	88	31
86	72	94
86	60	67
86	52	95
86	66	88
86	67	47
86	35	52
86	89	48
86	29	80
86	96	73
86	73	82
86	50	37
86	61	51
86	58	39
86	93	88
86	58	74
86	56	26
87	55	8
87	3	78
87	83	90
87	45	66
87	33	56
87	82	27
87	33	20
87	66	37
87	97	87
87	94	49
87	50	71
87	24	87
87	43	48
87	15	66
87	63	84
87	85	58
87	61	94
87	20	95
87	98	93
87	31	56
87	85	14
87	44	81
87	69	37
87	11	76
87	94	44
87	88	55
87	58	49
87	14	86
87	66	65
87	12	85
87	82	16
87	11	69
87	73	93
87	87	58
87	97	18
87	69	61
87	90	99
87	78	0
87	25	78
87	71	92
87	56	64
87	99	82
87	39	87
87	26	93
87	82	61
87	84	56
87	32	74
87	63	74
87	42	4
87	92	39
87	31	48
87	66	21
87	15	82
87	39	94
87	62	99
87	87	19
87	96	20
87	16	62
87	52	86
87	47	37
87	29	50
87	64	94
87	33	16
87	7	52
87	54	90
87	69	48
87	84	91
87	48	94
87	87	99
87	68	9
87	69	88
87	71	96
87	85	34
87	19	76
87	43	39
87	39	91
87	74	94
87	82	18
87	98	82
87	48	19
87	1	58
87	41	99
87	20	99
87	52	19
87	24	84
87	50	95
87	48	63
87	93	50
87	58	6
87	24	93
87	31	33
87	8	71
87	38	48
87	33	63
87	82	50
87	49	68
87	65	43
87	79	83
87	15	73
87	48	78
88	60	62
88	35	97
88	82	25
88	69	65
88	57	75
88	61	85
88	94	76
88	15	66
88	88	48
88	66	48
88	2	35
88	75	78
88	95	96
88	70	98
88	42	38
88	24	88
88	52	55
88	30	98
88	99	25
88	91	35
88	66	49
88	56	90
88	55	12
88	65	62
88	69	33
88	40	14
88	62	80
88	53	96
88	31	32
88	55	17
88	41	28
88	97	96
88	98	77
88	67	53
88	62	36
88	99	9
88	46	39
88	21	82
88	82	21
88	66	41
88	45	56
88	27	66
88	93	73
88	66	40
88	99	96
88	52	27
88	55	45
88	88	45
88	64	47
88	42	57
88	13	75
88	61	49
88	50	73
88	51	66
88	81	82
88	43	65
88	31	76
88	80	73
88	16	73
88	91	66
88	69	29
88	37	97
88	64	96
88	78	87
88	35	77
88	40	71
88	80	66
88	9	31
88	57	58
88	89	79
88	34	97
88	29	44
88	53	82
88	95	38
88	52	42
88	82	64
88	1	80
88	78	96
88	84	86
88	1	98
88	26	56
88	67	87
88	8	69
88	26	97
88	99	59
88	22	61
88	47	84
88	95	87
88	63	60
88	20	47
88	52	65
88	49	76
88	49	12
88	19	12
88	67	4
88	43	32
88	33	15
89	42	26
89	93	87
89	85	19
89	92	98
89	49	63
89	99	85
89	39	40
89	63	27
89	29	16
89	27	40
89	51	93
89	87	63
89	66	92
89	66	12
89	45	43
89	68	64
89	98	57
89	88	49
89	30	53
89	32	92
89	96	83
89	40	56
89	19	35
89	33	32
89	67	59
89	99	73
89	13	43
89	23	92
89	12	82
89	0	47
89	23	99
89	87	79
89	71	52
89	68	52
89	29	52
89	89	52
89	98	67
89	18	75
89	66	10
89	78	68
89	1	58
89	28	77
89	74	66
89	80	56
89	23	71
89	57	48
89	54	7
89	22	61
89	26	52
89	94	61
89	28	73
89	71	48
89	81	75
89	81	21
89	85	15
89	8	85
89	53	85
89	46	14
89	84	4
89	69	80
89	4	77
89	13	92
89	27	47
89	63	61
89	81	58
89	64	37
89	16	30
89	70	86
89	85	4
89	87	3
89	78	64
89	29	77
89	72	53
89	46	56
89	95	10
89	79	80
89	62	86
89	13	99
89	47	18
89	67	72
89	60	44
89	89	3
89	23	67
89	77	98
89	49	64
89	81	86
89	97	59
89	71	28
89	86	75
89	87	8
89	59	60
89	71	89
89	3	87
89	31	41
89	61	14
89	60	73
89	50	44
89	37	96
89	47	52
89	69	94
90	68	17
90	66	32
90	28	23
90	81	96
90	7	99
90	21	84
90	90	3
90	53	86
90	52	83
90	32	24
90	28	97
90	82	72
90	27	70
90	71	52
90	66	92
90	38	27
90	51	94
90	52	74
90	22	91
90	79	96
90	92	55
90	66	80
90	71	82
90	95	44
90	87	60
90	3	88
90	84	99
90	42	77
90	54	94
90	40	24
90	46	10
90	42	78
90	55	64
90	66	28
90	50	27
90	90	38
90	66	37
90	44	88
90	87	73
90	58	87
90	60	72
90	40	43
90	78	82
90	55	35
90	91	96
90	93	72
90	99	88
90	79	33
90	15	97
90	83	98
90	35	64
90	49	67
90	32	78
90	48	95
90	9	87
90	35	96
90	50	42
90	73	50
90	45	71
90	50	18
90	24	28
90	81	31
90	64	91
90	22	70
90	5	78
90	92	78
90	54	82
90	73	92
90	87	57
90	51	98
90	58	47
90	59	91
90	53	82
90	53	70
90	80	94
90	99	80
90	37	82
90	16	84
90	89	30
90	73	11
90	87	85
90	35	37
90	61	60
90	83	92
90	85	78
90	16	50
90	75	81
90	59	42
90	99	83
90	81	20
90	80	44
90	80	59
90	61	59
90	43	28
90	61	41
90	45	23
90	38	79
90	19	83
90	44	91
90	87	42
91	62	61
91	83	98
91	27	84
91	44	82
91	95	34
91	99	97
91	64	1
91	20	77
91	60	80
91	78	79
91	83	95
91	91	52
91	87	50
91	58	20
91	47	74
91	96	73
91	94	60
91	69	72
91	88	48
91	86	42
91	55	61
91	76	45
91	90	87
91	90	67
91	65	88
91	86	13
91	45	77
91	57	23
91	57	72
91	61	72
91	42	62
91	31	32
91	55	53
91	92	83
91	21	66
91	24	75
91	75	54
91	85	78
91	20	93
91	53	52
91	63	79
91	33	71
91	60	13
91	36	23
91	95	38
91	48	90
91	48	51
91	66	78
91	9	70
91	57	48
91	48	37
91	90	44
91	51	79
91	68	83
91	96	46
91	59	87
91	46	96
91	94	11
91	89	95
91	46	84
91	12	96
91	70	97
91	28	53
91	51	59
91	91	33
91	84	58
91	56	30
91	99	22
91	75	95
91	15	93
91	88	65
91	49	95
91	23	57
91	80	7
91	8	97
91	47	93
91	77	42
91	56	27
91	81	45
91	52	80
91	72	70
91	89	70
91	47	22
91	66	54
91	97	91
91	87	88
91	59	72
91	83	33
91	40	75
91	53	89
91	44	38
91	89	76
91	22	32
91	45	50
91	22	20
91	89	79
91	51	68
91	77	15
91	60	88
92	66	64
92	65	4
92	15	77
92	44	85
92	74	89
92	58	53
92	69	58
92	30	44
92	67	47
92	57	69
92	74	68
92	69	74
92	54	43
92	73	86
92	45	81
92	64	66
92	87	88
92	79	67
92	11	26
92	28	53
92	38	48
92	87	69
92	45	95
92	48	16
92	68	70
92	97	31
92	45	73
92	80	61
92	19	47
92	50	95
92	68	90
92	91	65
92	92	96
92	21	87
92	80	54
92	98	87
92	88	4
92	95	47
92	70	35
92	45	20
92	69	57
92	93	57
92	78	46
92	73	91
92	72	74
92	10	86
92	51	19
92	55	52
92	76	80
92	63	77
92	94	56
92	47	35
92	53	82
92	56	29
92	67	17
92	75	84
92	30	82
92	96	1
92	36	26
92	52	65
92	73	77
92	25	85
92	13	61
92	42	77
92	58	97
92	68	77
92	26	93
92	23	28
92	78	61
92	37	53
92	60	48
92	26	36
92	59	93
92	65	64
92	66	67
92	41	64
92	5	89
92	31	77
92	68	94
92	29	31
92	44	22
92	96	94
92	59	94
92	97	26
92	18	56
92	99	77
92	85	30
92	80	60
92	89	1
92	80	30
92	71	73
92	31	93
92	49	62
92	29	37
92	96	48
92	97	43
92	98	38
92	64	27
92	80	93
93	70	46
93	91	78
93	56	73
93	84	58
93	23	75
93	96	45
93	76	35
93	99	47
93	13	87
93	43	89
93	74	19
93	66	60
93	76	41
93	71	98
93	63	70
93	32	97
93	63	36
93	32	49
93	39	94
93	64	29
93	93	45
93	82	55
93	33	74
93	86	81
93	97	4
93	70	14
93	98	0
93	52	30
93	48	87
93	97	71
93	54	34
93	97	79
93	65	87
93	73	54
93	73	8
93	17	62
93	74	14
93	79	89
93	94	64
93	68	77
93	80	15
93	21	88
93	86	90
93	87	30
93	89	88
93	42	68
93	73	60
93	56	66
93	94	81
93	77	66
93	18	21
93	64	77
93	56	65
93	91	92
93	24	74
93	69	33
93	36	46
93	20	91
93	67	97
93	2	77
93	97	99
93	58	83
93	85	31
93	84	70
93	39	33
93	54	35
93	56	40
93	86	70
93	81	67
93	46	36
93	8	69
93	34	25
93	73	17
93	0	98
93	60	97
93	17	52
93	44	52
93	91	73
93	65	41
93	82	11
93	54	33
93	49	71
93	90	74
93	90	68
93	12	58
93	73	2
93	91	68
93	56	83
93	87	79
93	93	95
93	74	82
93	74	26
93	68	47
93	76	71
93	91	67
93	14	53
93	72	14
93	46	38
93	65	27
94	24	41
94	79	1
94	93	66
94	28	47
94	95	9
94	20	74
94	38	67
94	93	59
94	46	54
94	64	52
94	75	19
94	96	55
94	81	79
94	3	63
94	56	24
94	62	58
94	41	44
94	80	75
94	89	87
94	90	8
94	43	82
94	47	25
94	62	68
94	87	35
94	80	42
94	90	58
94	81	87
94	82	14
94	87	72
94	92	33
94	32	63
94	58	39
94	34	17
94	65	84
94	59	86
94	0	69
94	33	38
94	48	97
94	84	27
94	96	3
94	91	47
94	95	90
94	96	67
94	48	60
94	58	10
94	78	54
94	86	95
94	18	48
94	80	58
94	67	94
94	4	96
94	42	48
94	83	63
94	63	86
94	72	21
94	75	88
94	28	30
94	69	15
94	99	61
94	21	48
94	30	76
94	16	88
94	72	49
94	92	80
94	83	99
94	66	46
94	65	76
94	65	71
94	58	2
94	87	81
94	53	79
94	41	70
94	46	52
94	0	96
94	48	42
94	83	45
94	84	56
94	66	91
94	63	94
94	95	15
94	68	87
94	97	84
94	73	97
94	47	49
94	59	38
94	87	89
94	54	90
94	83	86
94	92	99
94	65	97
94	1	69
94	64	54
94	55	47
94	78	33
94	56	26
94	89	80
94	63	99
94	27	19
94	79	80
94	46	33
95	2	74
95	85	25
95	26	67
95	3	91
95	54	92
95	79	59
95	96	19
95	35	52
95	0	74
95	25	35
95	64	85
95	41	74
95	96	87
95	70	44
95	60	32
95	12	39
95	77	39
95	54	81
95	88	2
95	58	70
95	98	0
95	51	59
95	85	17
95	46	12
95	78	71
95	55	59
95	92	90
95	2	93
95	31	73
95	81	66
95	64	94
95	58	92
95	42	84
95	44	56
95	58	42
95	83	27
95	51	76
95	33	85
95	66	72
95	24	98
95	63	79
95	79	25
95	67	23
95	69	29
95	85	89
95	94	38
95	79	49
95	79	98
95	45	97
95	81	86
95	49	37
95	25	69
95	81	42
95	41	53
95	80	81
95	6	65
95	32	95
95	47	84
95	93	85
95	92	11
95	77	95
95	65	29
95	52	47
95	99	66
95	65	33
95	22	41
95	66	89
95	29	32
95	65	55
95	69	54
95	96	64
95	84	29
95	59	73
95	76	91
95	42	97
95	52	7
95	85	79
95	95	99
95	33	72
95	40	36
95	65	41
95	68	92
95	95	36
95	29	67
95	36	72
95	18	84
95	72	31
95	44	67
95	34	88
95	79	96
95	74	2
95	10	83
95	85	93
95	81	33
95	84	65
95	83	86
95	4	99
95	64	22
95	76	71
96	37	67
96	29	55
96	94	12
96	75	9
96	48	81
96	61	45
96	72	65
96	84	0
96	56	88
96	98	92
96	87	94
96	92	61
96	37	88
96	81	89
96	53	72
96	68	77
96	36	71
96	94	21
96	82	38
96	47	72
96	60	18
96	95	90
96	11	98
96	73	88
96	62	79
96	89	6
96	44	70
96	16	76
96	78	96
96	89	85
96	57	92
96	90	41
96	57	45
96	70	49
96	36	79
96	81	45
96	60	22
96	88	66
96	91	17
96	98	45
96	50	37
96	77	0
96	90	11
96	98	96
96	65	59
96	76	89
96	42	83
96	14	79
96	81	29
96	58	57
96	88	68
96	96	79
96	95	93
96	13	48
96	13	71
96	28	89
96	4	27
96	83	75
96	97	89
96	39	2
96	25	90
96	99	90
96	92	70
96	61	57
96	50	90
96	98	49
96	15	60
96	56	51
96	17	88
96	38	93
96	99	56
96	85	0
96	93	52
96	79	93
96	42	82
96	82	70
96	21	53
96	78	33
96	70	55
96	38	45
96	77	17
96	69	62
96	49	24
96	73	66
96	86	67
96	81	57
96	77	26
96	86	56
96	18	63
96	72	96
96	66	39
96	65	88
96	76	35
96	75	38
96	87	59
96	48	30
96	32	70
96	61	91
96	79	7
97	58	67
97	35	95
97	71	84
97	88	62
97	74	56
97	12	66
97	67	79
97	90	54
97	30	22
97	47	90
97	65	45
97	72	98
97	89	75
97	88	81
97	34	57
97	85	70
97	65	97
97	45	88
97	13	91
97	97	42
97	59	74
97	61	60
97	71	79
97	71	62
97	65	11
97	80	73
97	99	71
97	95	47
97	56	50
97	36	80
97	20	97
97	56	54
97	76	92
97	57	17
97	36	91
97	1	80
97	44	86
97	95	44
97	41	48
97	73	62
97	88	68
97	6	62
97	80	92
97	77	5
97	69	96
97	40	66
97	0	30
97	84	75
97	77	38
97	85	80
97	32	60
97	24	37
97	63	74
97	0	41
97	69	98
97	71	66
97	81	71
97	79	57
97	95	35
97	67	88
97	62	1
97	44	59
97	80	42
97	62	50
97	86	80
97	83	56
97	36	32
97	6	90
97	19	81
97	53	71
97	53	61
97	15	99
97	44	4
97	76	72
97	95	74
97	78	85
97	60	13
97	93	89
97	72	67
97	69	63
97	77	26
97	69	71
97	37	47
97	73	71
97	50	57
97	8	85
97	85	71
97	28	96
97	98	22
97	13	74
97	81	64
97	23	97
97	46	61
97	67	82
97	32	87
97	77	73
97	99	32
97	83	29
97	19	18
97	91	45
98	66	60
98	12	73
98	80	0
98	98	77
98	31	73
98	66	41
98	74	95
98	46	21
98	14	65
98	76	57
98	85	49
98	60	61
98	85	63
98	45	53
98	60	56
98	66	40
98	89	82
98	15	58
98	53	78
98	74	49
98	98	5
98	98	87
98	77	37
98	57	61
98	1	43
98	56	54
98	19	96
98	98	63
98	63	79
98	48	91
98	58	69
98	93	78
98	85	89
98	44	25
98	18	89
98	61	74
98	66	67
98	73	97
98	95	80
98	78	32
98	49	17
98	67	20
98	20	98
98	63	92
98	34	1
98	92	56
98	62	76
98	71	87
98	43	98
98	67	96
98	27	94
98	96	60
98	50	68
98	81	35
98	84	56
98	69	42
98	52	88
98	60	80
98	1	59
98	62	24
98	18	51
98	49	54
98	56	75
98	74	52
98	60	72
98	85	81
98	51	86
98	55	40
98	36	88
98	65	62
98	77	84
98	93	68
98	75	40
98	61	97
98	30	81
98	43	1
98	15	71
98	47	84
98	54	90
98	40	44
98	58	51
98	91	80
98	85	44
98	88	38
98	20	85
98	89	76
98	58	65
98	83	62
98	89	54
98	82	62
98	67	83
98	54	75
98	68	79
98	41	69
98	73	79
98	45	27
98	37	49
98	47	76
98	14	46
99	24	53
99	35	90
99	56	79
99	80	16
99	82	78
99	80	48
99	84	82
99	25	80
99	52	47
99	20	74
99	83	37
99	62	74
99	81	57
99	89	17
99	91	45
99	78	75
99	68	38
99	75	38
99	54	33
99	90	56
99	91	83
99	99	31
99	45	73
99	92	31
99	47	9
99	98	30
99	84	30
99	38	68
99	52	48
99	96	16
99	56	72
99	76	19
99	53	16
99	47	16
99	99	3
99	92	70
99	88	33
99	28	86
99	90	93
99	73	31
99	75	54
99	67	44
99	15	64
99	91	3
99	57	32
99	68	46
99	57	63
99	1	78
99	84	56
99	21	27
99	52	25
99	71	68
99	94	46
99	83	9
99	82	9
99	62	29
99	54	78
99	62	92
99	75	99
99	87	97
99	70	71
99	4	82
99	74	96
99	57	9
99	97	92
99	81	50
99	77	16
99	59	39
99	12	73
99	70	83
99	23	70
99	36	90
99	18	88
99	83	89
99	85	10
99	79	82
99	65	41
99	66	91
99	83	75
99	80	34
99	51	52
99	73	10
99	79	27
99	53	55
99	63	26
99	9	62
99	11	50
99	23	56
99	90	94
99	64	93
99	17	27
99	65	11
99	91	4
99	85	96
99	62	18
99	58	48
99	16	67
99	16	60
99	44	34
99	87	63
100	21	30
100	27	87
100	72	49
100	44	92
100	97	96
100	48	89
100	51	1
100	37	70
100	16	85
100	65	66
100	21	51
100	84	37
100	55	69
100	65	70
100	43	98
100	75	48
100	76	46
100	67	42
100	88	42
100	85	58
100	88	54
100	54	51
100	87	99
100	81	56
100	58	85
100	84	76
100	98	68
100	59	46
100	45	26
100	43	84
100	67	9
100	84	95
100	41	76
100	20	50
100	52	45
100	98	42
100	79	31
100	22	93
100	91	93
100	61	95
100	60	93
100	87	74
100	85	51
100	44	48
100	75	88
100	10	75
100	58	77
100	90	76
100	64	95
100	17	59
100	23	77
100	80	76
100	69	83
100	99	36
100	35	71
100	85	9
100	31	78
100	90	92
100	74	97
100	69	66
100	68	26
100	99	71
100	45	14
100	93	84
100	54	25
100	54	79
100	72	16
100	75	33
100	46	70
100	98	84
100	29	46
100	88	77
100	53	67
100	84	82
100	76	54
100	99	96
100	61	80
100	88	5
100	27	33
100	26	51
100	82	19
100	55	81
100	62	32
100	79	68
100	91	34
100	77	56
100	68	29
100	80	84
100	69	82
100	97	80
100	70	79
100	82	51
100	53	23
100	49	50
100	89	78
100	87	63
100	48	36
100	71	35
100	62	60
